-26,40,-23,11
17,4,7,-23
-18,13,6,42
-22,15,-71,68
-31,15,-35,-34
0,-46,66,-12
-29,29,33,15
-42,6,0,0
-11,-25,7,-27
35,-4,-7,-22
14,69,-30,24
41,-17,63,-6
-22,41,-64,48
-20,-35,25,28
3,13,10,-31
-12,45,0,0
-19,33,-15,-21
-6,24,15,-32
-44,9,1,-34
69,-27,9,-13
32,43,19,47
-4,12,62,-25
23,-8,-7,27
49,-78,0,0
1,50,-46,4
-7,36,8,15
-6,43,-22,-10
39,15,-36,52
-20,40,-21,-33
42,42,7,28
-12,19,11,26
-19,12,0,0
41,30,-2,7
-53,46,-10,-1
-38,-1,7,-4
-44,-25,26,15
-6,-25,-43,43
36,-38,8,48
-37,43,-8,-5
50,-16,0,0
16,14,-20,-57
52,-48,34,-72
29,-68,-18,40
-49,60,-19,-31
54,-22,21,-24
-34,40,-12,48
-33,-4,11,-10
4,-17,0,0
25,-5,-47,27
-10,13,29,1
26,-18,-23,14
-39,27,-34,59
31,-17,3,-52
50,-16,-1,28
21,-53,-7,-23
47,-13,0,0
-49,55,-21,9
-16,15,-34,-3
12,3,24,6
-14,-9,-23,0
7,-30,70,49
-34,35,7,22
1,-18,17,30
-11,1,0,0
-49,30,-36,1
3,-41,62,-3
-26,-31,-22,23
31,-25,19,-36
-26,54,-9,-4
-36,18,7,-96
36,-56,-40,33
-57,96,0,0
9,4,8,6
3,-22,40,-15
-2,-21,-3,10
-7,-49,36,-10
72,-53,40,6
14,41,-11,93
-35,-44,41,-56
16,-14,0,0
23,-17,-2,-23
29,55,4,4
27,21,29,43
-40,-16,-17,13
-102,18,-26,-12
66,-50,68,28
-5,43,51,-13
-3,39,0,0
-52,-18,12,-39
49,-63,15,-6
24,1,65,-21
21,44,11,33
-21,27,-28,38
-29,5,31,-22
61,-17,-20,-22
48,-6,0,0
7,57,-42,42
-71,40,-43,-48
11,-39,54,-38
-25,2,-12,-21
75,-21,20,63
49,39,-32,-1
-8,-29,-5,4
34,-57,0,0
26,-53,59,-14
49,23,-22,65
-65,12,39,-2
-23,-62,-22,9
-50,-35,52,-1
41,18,14,30
-9,14,-49,28
15,70,0,0
25,-29,-4,-18
-21,3,16,31
35,36,-23,3
-52,35,14,31
-16,8,-6,27
-41,-5,-9,16
34,-21,-42,-49
21,-13,0,0
38,-88,43,-25
-11,18,-18,-4
69,-35,8,78
36,-45,54,-23
-3,5,53,0
11,-17,-7,-7
-39,23,3,39
28,-34,0,0
15,-8,28,-42
13,3,22,1
11,-1,26,-2
-25,0,6,-17
-8,20,-85,47
-27,22,3,3
33,-42,22,-7
35,25,0,0
7,11,21,-40
4,-36,-4,-7
-12,4,28,-33
76,-28,4,-10
-25,-26,25,37
-6,-15,20,3
-24,-24,34,1
-31,-27,0,0
18,-3,-16,12
-12,20,-66,57
-73,25,-20,-21
22,-38,14,2
26,-77,74,-70
43,-34,80,-5
-17,-37,41,3
-57,68,0,0
8,-4,-49,29
-38,2,-17,51
-31,25,-31,10
5,-7,40,2
25,1,25,7
-17,6,-23,2
66,19,15,-3
31,8,0,0
4,-15,-45,-7
10,5,-34,27
47,-29,-4,8
12,-9,-35,18
3,-16,2,6
21,-60,19,29
-6,-91,-20,81
-24,-1,0,0
35,20,-62,88
-14,8,30,-4
47,-66,52,-35
87,56,20,-2
-43,44,-45,12
2,3,8,16
-17,-18,25,-34
1,1,0,0
3,50,30,8
16,78,-38,-5
23,19,-41,-22
-4,-4,-13,52
49,-20,14,2
-24,12,9,7
-57,44,-47,25
-37,17,0,0
-19,-4,-19,-14
9,0,-42,12
-21,36,-25,25
-37,49,-52,40
-49,48,-20,18
-4,4,32,4
20,-6,-21,38
-1,-30,0,0
-31,-2,-8,59
-31,13,-18,-40
30,0,-14,17
-87,43,17,-63
66,-12,5,-13
-29,-17,-22,19
-19,-7,13,13
-25,8,0,0
47,-45,-13,0
-1,57,-46,50
-30,44,12,8
5,20,-36,21
-19,-6,11,2
44,-39,39,33
-32,-13,-22,6
38,30,0,0
22,12,28,-4
-80,17,-30,37
49,-2,-17,25
2,-10,43,22
-56,59,-31,27
-21,42,-50,29
-51,29,-45,-27
48,-16,0,0
-42,27,-12,16
7,-21,40,1
-29,31,-23,28
-42,19,59,6
3,-29,36,-66
5,-22,-9,-12
70,-42,14,7
-8,-30,0,0
63,6,31,-11
12,2,-1,-26
49,-39,20,-43
23,-39,13,-23
8,42,21,17
41,-3,13,36
-59,29,5,-5
-7,-4,0,0
-26,6,-48,14
36,-25,-1,13
25,46,44,29
-29,-1,12,-24
39,-16,-4,59
12,42,15,-46
69,-49,29,-6
-26,6,0,0
20,19,-16,-60
0,-30,48,43
16,-28,-9,19
-15,-6,54,-52
54,0,-83,-4
-25,15,-33,5
-31,-22,-25,40
-49,-16,0,0
-11,7,-2,14
-36,8,-21,19
-12,-24,-8,-83
32,22,6,44
4,2,37,-27
45,-52,22,-83
49,4,-24,-12
22,-33,0,0
1,8,22,56
-15,-29,7,6
-67,40,18,-26
51,-9,19,26
-19,19,-4,-12
-2,-30,-24,-18
6,2,-64,61
-34,-1,0,0
-55,-14,-6,41
-68,-19,-21,-16
-18,-39,-37,-77
-50,9,-50,-8
23,-28,31,-48
15,-10,-34,-18
11,13,-35,-20
-59,-18,0,0
-47,-21,15,-12
8,-20,37,-8
-41,-13,-22,39
-67,89,44,-43
-21,-52,-55,25
2,5,28,-63
-30,20,-53,-8
-69,7,0,0
22,-17,48,-15
23,2,8,32
31,-15,-6,-30
-41,-55,21,-43
-2,13,-20,-44
-47,-8,7,-31
-9,40,38,-76
-52,-49,0,0
-17,-39,17,-41
4,-21,-19,-34
-1,-36,-23,11
-27,2,16,-29
14,10,-17,-3
-15,92,-30,20
33,-42,28,-54
-1,-55,0,0
-24,-8,0,-21
-4,24,-75,32
-29,64,-83,60
-72,43,-54,18
-84,-34,-5,-33
8,-29,-26,-56
67,5,-28,8
-23,-41,0,0
6,-11,0,52
-31,7,-14,-57
-17,18,-61,0
13,-3,41,-26
27,-19,54,-18
-13,18,-12,50
-17,37,-17,-43
52,-78,0,0
9,-66,66,-29
32,-18,13,-7
47,-6,-65,4
-24,-1,-25,40
-73,53,-82,-60
25,-122,37,-38
22,23,3,101
-34,40,0,0
13,36,7,-14
80,-90,-9,-50
-32,-7,-4,-30
4,70,-11,5
29,21,21,15
-34,-20,33,-46
-13,5,8,-50
-23,-26,0,0
-24,58,3,101
-39,3,-14,-19
28,2,-70,0
-49,-19,20,-87
12,83,29,69
-24,6,20,1
-1,-28,21,-76
5,17,0,0
-33,-27,-18,-22
52,3,8,2
-12,16,-82,-25
50,7,-49,12
-10,-10,46,0
-22,-41,47,-41
14,31,33,53
-33,6,0,0
-7,22,8,-16
20,62,-41,-56
4,-45,-4,-13
-7,-25,-12,-46
59,-19,8,53
-31,-9,-14,-33
-2,-30,27,-4
-42,-38,0,0
0,5,23,-79
33,42,41,24
18,39,-29,-35
-13,-47,-8,-3
10,-74,6,-39
-8,25,-55,42
-51,42,-2,50
-1,47,0,0
-23,33,29,1
-34,30,22,7
-34,19,-66,-3
-37,0,-49,25
-16,15,-31,-20
4,44,-31,-60
100,-45,15,-17
15,-45,0,0
-38,-13,-10,-19
-7,-1,-15,3
13,-44,57,-1
-15,-43,-20,-17
-20,35,-8,-17
23,8,17,-57
-10,44,-40,-56
87,-8,0,0
21,11,2,-17
4,37,-3,9
-15,-40,-57,24
-24,-8,-5,-75
-2,-18,-59,3
-16,-47,3,1
2,-14,-8,-21
22,-9,0,0
-35,-2,41,-48
23,-33,47,6
4,-19,16,-8
-7,20,20,12
23,9,16,33
-50,48,-1,-22
7,13,4,-53
28,-17,0,0
13,-44,55,14
-20,71,20,25
-9,6,-21,-27
-5,-25,-43,14
7,-50,16,-30
5,9,6,-27
39,72,-16,-6
-107,8,0,0
-91,27,21,8
-2,13,-11,-35
9,-13,1,30
-46,1,50,-7
-8,0,-11,5
-19,48,-13,-11
-5,5,33,-6
-12,-17,0,0
-23,39,20,-38
-10,-46,48,3
5,5,-25,-3
-18,24,-31,-5
1,-17,19,33
-14,32,-45,-1
-42,0,-9,42
-54,18,0,0
-63,-19,-44,15
-29,7,5,2
27,-9,45,35
-24,18,4,36
-11,37,-57,20
-14,11,-46,54
64,10,39,7
18,24,0,0
22,99,-13,36
-54,-7,-11,12
5,24,-77,25
-16,-11,-21,-33
-5,-81,-8,-27
-8,12,-14,0
13,-15,-30,-18
-13,-6,0,0
-5,-52,-10,-65
-1,11,-14,67
-9,-56,23,1
-16,-3,-15,-14
-59,47,16,-6
35,-13,4,24
-28,53,17,23
-2,9,0,0
14,-17,-7,55
-42,-7,16,-66
64,-49,48,28
22,10,12,33
-4,-18,-14,8
-46,23,-82,-14
-73,-15,6,-74
20,-17,0,0
-33,44,-64,-1
48,-3,-23,44
-28,67,-81,0
8,-2,-13,-9
-22,-53,17,2
37,-14,14,-76
1,-1,-20,6
3,-9,0,0
56,6,-10,-32
15,1,8,-39
-6,-4,-14,-8
-50,29,-32,-34
84,-41,30,-15
22,23,-30,74
-37,28,-52,-8
-9,10,0,0
15,-2,-56,45
-5,-40,39,-17
-28,-4,-37,44
-35,17,-8,-41
-31,50,-42,-31
-43,35,18,-72
46,-84,-11,-44
-46,-26,0,0
-4,-10,55,-3
7,6,19,-11
6,-14,21,-60
41,-53,-2,-73
-11,-3,14,8
-44,6,-16,25
-36,-5,-24,-1
-58,-5,0,0
38,-29,7,-37
-5,2,10,8
43,-1,-4,-76
39,-91,39,-48
3,50,-29,-11
-16,-46,13,-18
-13,-42,-31,-15
-3,-10,0,0
-34,35,-45,38
-42,0,16,-34
2,29,-23,-71
-26,2,-45,60
-10,20,38,-9
22,-48,-23,-68
-6,-15,-3,-11
-29,42,0,0
4,7,1,-9
-14,-14,14,3
-51,17,-5,23
-19,23,-7,48
-3,23,-23,-24
-11,-30,-37,-67
-72,5,-45,-7
20,15,0,0
-49,-13,-19,-28
2,-41,1,-54
-24,-11,-28,-8
-83,9,-36,0
76,-37,32,-11
-73,30,-43,-101
-31,18,-24,-48
-47,-23,0,0
-28,-43,-54,16
80,-27,36,8
-25,-68,30,31
-1,5,0,26
-29,-62,-80,27
11,-46,-26,-38
-19,-12,10,-40
14,-32,0,0
-1,-10,10,-3
38,28,-29,39
11,-9,-47,-20
-54,-33,-12,-8
-43,-56,-43,-1
-39,-42,-22,25
2,-39,46,23
-39,-38,0,0
7,-15,-52,-14
41,-38,14,-15
-16,-53,-41,10
-16,-23,17,12
19,-13,-45,-36
7,42,39,17
27,-24,16,-2
-19,-28,0,0
-26,34,-14,-49
4,46,-23,3
17,-5,-61,37
-52,-29,-14,9
-11,-41,2,-35
10,-68,-56,39
-22,21,46,10
15,-30,0,0
11,-23,-14,-7
20,-9,42,-46
-31,-34,-33,-34
10,-5,-4,40
6,18,22,-17
-10,-43,-15,7
9,56,18,-41
-11,-14,0,0
-30,-31,-7,-5
88,36,-1,-50
-19,-50,-14,-72
-3,29,1,2
-19,15,-89,5
-49,-51,-37,-50
49,4,15,24
-33,15,0,0
-10,18,4,17
75,47,-8,-62
-69,-52,-10,-82
-27,33,46,-19
40,-2,22,38
-3,42,-38,-27
-4,-52,5,-33
1,-48,0,0
6,14,-5,63
14,104,-63,18
-29,1,-15,-31
-46,-7,-15,-23
-52,31,62,39
16,-21,26,-16
12,-35,-9,-13
17,52,0,0
-57,-23,24,-87
33,-8,27,-16
6,-4,-2,-31
2,61,47,-4
-16,-5,14,17
12,-68,-15,-17
34,24,-2,2
3,-31,0,0
-5,4,41,35
-34,26,-15,-16
10,-31,8,9
-1,-40,18,-22
-25,16,18,40
12,-17,-29,6
-18,-17,-31,21
26,-74,0,0
-45,9,31,-37
24,18,54,67
-30,-18,-27,-22
-29,-19,-14,-53
-51,-25,5,-40
-13,8,-38,37
7,-18,-21,15
87,50,0,0
-16,27,11,25
-20,7,-18,43
-28,-5,-58,-34
-19,-34,-31,16
-52,-3,8,24
-35,4,4,-16
30,-21,7,-2
-13,-17,0,0
-42,-36,-11,-65
6,0,-20,12
15,13,30,11
-70,-92,25,-20
38,-8,41,-43
15,-1,7,21
1,34,5,-42
9,19,0,0
-12,-40,-6,-53
-12,-8,46,68
11,23,-19,-22
-32,-74,20,26
-57,-28,-27,-13
-41,-11,-37,-17
40,6,34,-8
-45,28,0,0
-6,-35,6,-24
9,7,25,24
50,-2,18,-3
36,7,-28,22
31,-24,5,10
-12,33,-5,18
-9,-25,-10,26
-20,12,0,0
8,38,-26,59
2,25,-3,76
-2,-21,-32,-72
-3,-17,-18,-2
-20,-28,5,-32
6,15,49,12
-4,33,45,15
-53,-27,0,0
-87,-1,-25,-8
-12,26,-48,-29
-5,-19,-52,46
-42,-40,-31,24
32,-1,1,35
-35,32,1,23
-49,-26,64,63
23,-3,0,0
-18,16,-34,-14
18,-30,-10,13
-7,-18,-9,42
-14,55,-43,-29
-6,28,-2,28
-44,23,-8,12
-33,-16,23,57
-30,-53,0,0
-27,-38,-43,42
-7,19,-30,-16
41,0,14,42
4,21,47,27
-46,21,-38,4
-39,-15,42,2
30,15,56,16
15,3,0,0
18,53,48,-12
-28,-17,-73,4
38,-13,13,-53
8,5,18,-1
-35,-78,-38,-15
19,-71,30,39
-10,33,-64,-30
16,5,0,0
-22,-93,36,-27
-18,-36,-58,-9
58,17,-31,25
-18,-17,15,30
-87,66,-49,28
-4,3,-16,38
30,81,39,2
12,-5,0,0
5,8,-60,65
1,-34,-27,-27
51,36,45,12
13,28,6,-3
43,-44,-21,-17
10,-46,-21,17
-10,-43,14,-21
-24,-22,0,0
32,-6,-24,-27
11,55,20,46
-5,44,-7,2
-15,21,-56,-63
1,23,9,-18
70,5,-12,18
-21,-31,7,8
5,-19,0,0
34,-10,-56,11
-21,37,6,-14
-21,-48,17,18
-27,40,26,-59
-17,23,-21,-1
-18,50,-52,26
15,-13,-7,8
1,-27,0,0
-33,37,-53,-10
-4,-28,-8,-42
-9,-42,-22,-14
-30,5,0,19
-86,-39,-20,-84
-10,-3,-21,-76
-6,-75,-15,-26
6,-23,0,0
22,-31,-28,-2
-36,1,-26,0
25,22,-31,-32
-2,-58,-20,-69
-8,15,-50,12
-48,-15,-48,-17
-59,24,-63,-11
-12,-9,0,0
55,-28,4,25
-31,-66,-69,57
29,-4,13,-43
-50,-29,19,-5
33,-36,48,24
-17,36,16,63
-6,-30,-56,-66
9,-15,0,0
-41,-10,-14,3
-53,11,28,29
9,-50,1,-66
-26,44,44,28
-3,23,82,30
31,57,-37,-43
-68,7,3,9
-10,-53,0,0
3,-19,23,22
30,-11,-15,37
19,-83,-11,35
-22,39,-27,-59
37,39,30,-40
0,-33,-23,10
-49,12,-12,-41
24,7,0,0
39,-26,2,18
23,-20,-55,-34
33,10,0,10
-37,-95,18,-4
21,-45,1,-56
-14,22,-47,-13
-26,-48,18,-1
-34,-22,0,0
-40,-68,-34,38
2,-63,16,30
15,-50,-62,-78
-1,-10,50,1
-29,-22,-38,-37
-10,-13,-7,11
0,-64,4,-10
-54,3,0,0
-70,-16,11,-23
-47,82,1,13
-32,78,-7,40
8,-51,-5,-25
-36,32,0,3
-33,-36,37,-68
-28,27,21,30
-60,-53,0,0
-8,-44,21,57
24,25,-7,31
-4,59,8,-53
39,-59,-2,14
2,13,4,16
-37,16,70,-10
14,77,-29,-5
5,21,0,0
23,-2,37,15
-6,-86,-9,7
-14,-10,19,-17
11,-43,-3,11
-18,-2,-31,26
15,-31,-33,-57
-59,2,65,18
16,-45,0,0
47,-50,18,-29
-12,61,0,-8
-56,62,-24,-40
-10,46,-22,30
-29,-30,44,-46
-26,-12,-7,4
1,50,-8,-57
9,19,0,0
-15,37,-26,39
-4,-15,16,52
-62,34,50,34
-44,-2,-3,12
45,-20,-65,2
10,22,25,-12
4,23,20,65
47,-40,0,0
36,23,9,5
30,45,38,-36
-31,45,-30,-50
-42,-43,81,53
-15,-6,79,23
30,-26,-76,10
-17,14,-27,39
0,-31,0,0
32,-29,18,14
38,-34,-100,-2
-8,18,-44,-35
-29,10,14,-15
12,2,42,39
30,-45,-13,19
-84,33,13,-42
-70,56,0,0
-34,10,16,6
15,-36,91,-8
-6,56,-83,-19
-6,-29,22,-35
-47,4,-23,46
21,9,-32,-18
-3,-56,0,63
-16,-11,0,0
8,-55,-40,46
-4,76,90,12
28,29,-19,-28
23,21,-54,-18
13,1,-9,16
-37,-24,-20,-25
36,15,11,45
-1,-34,0,0
-60,-37,-13,19
-41,-31,30,-35
22,10,-4,-27
29,41,16,-52
20,39,-53,-66
-2,-69,13,-41
-17,-28,8,14
14,15,0,0
-38,47,35,32
1,8,25,-10
-3,-11,-1,-3
-24,-57,-78,-23
-17,-37,-41,-15
1,19,7,-4
-36,28,99,49
-18,30,0,0
19,32,-36,37
-35,-54,-18,25
-25,-25,-1,23
-45,12,-33,-41
-6,3,40,-38
32,8,63,-11
-16,30,-23,-20
-38,7,0,0
-66,-33,-24,11
-52,28,23,-18
43,14,-56,2
2,42,-40,-19
29,48,-15,7
17,-26,-28,-15
-51,0,34,-60
-29,44,0,0
-70,-35,-12,47
37,8,31,-33
90,15,-5,6
1,12,-12,18
9,62,-71,2
-14,-4,-32,47
8,34,-9,31
12,-39,0,0
-8,12,27,-17
33,-36,113,38
30,-45,-8,14
-30,-9,67,2
-60,33,-21,2
-63,-13,38,12
-25,47,19,-71
19,1,0,0
6,-58,25,19
43,42,37,-28
-40,9,43,-21
-9,37,-39,-23
58,-27,-27,-7
43,32,-16,20
-11,-27,-57,38
21,-76,0,0
10,-1,103,87
25,-64,-20,19
-16,57,-23,34
-7,-5,32,-7
-5,-47,58,37
30,17,9,-36
-22,11,-4,33
25,23,0,0
26,-35,-40,-70
-66,-29,26,-7
-63,11,4,-8
-13,-50,6,-65
61,51,-33,-24
7,12,-22,-45
11,33,69,19
39,-66,0,0
-32,-11,-32,8
38,-23,-54,-29
55,29,47,0
22,-78,17,31
38,-95,-26,-55
-17,19,-45,-26
46,50,17,-29
-11,42,0,0
19,25,20,-15
-29,-63,53,34
16,40,-35,-16
61,26,12,-28
-39,-17,4,9
-21,31,-30,1
27,-16,30,-5
9,18,0,0
-28,32,1,-40
21,42,55,-1
-21,-11,21,5
69,2,-14,22
27,-35,38,30
-10,32,65,-12
-51,-53,-43,22
9,-32,0,0
39,-1,20,-14
44,-40,35,-11
54,-21,-5,-8
-15,-15,26,-10
33,-20,-8,-17
9,18,14,-86
-32,0,47,-17
-67,27,0,0
3,57,99,-50
-16,23,-3,38
-72,-28,20,-43
4,-54,57,-1
-81,-3,-13,64
-16,-41,41,-12
32,60,-47,-22
-26,-21,0,0
14,5,-53,-55
14,29,-45,-35
-15,49,-24,-10
-18,5,-73,-51
22,38,-9,-48
13,14,9,31
-14,-61,-29,-23
-11,-1,0,0
-16,-65,8,23
8,18,-30,75
26,-15,-15,38
-23,-17,20,33
-36,-17,5,31
-41,-59,23,-39
-37,39,-22,1
-11,-52,0,0
-4,-71,-24,15
-36,-44,-77,-25
9,33,0,48
-25,2,29,1
11,-58,-26,1
-91,27,-48,-4
-39,-3,-22,-41
19,59,0,0
-5,66,-10,13
-35,13,-17,-35
41,-14,36,7
22,-45,31,-95
-50,-50,-49,-19
-37,43,45,-12
7,-42,-43,-14
-16,-13,0,0
-12,-31,-88,7
43,41,-19,-40
11,-18,36,28
29,-14,30,18
9,-25,3,-47
59,1,22,7
12,36,-10,-26
15,2,0,0
22,-40,-61,14
34,22,-24,9
14,-3,-21,-43
11,-112,6,-2
-25,-63,43,-37
13,34,-24,39
11,45,30,56
15,14,0,0
18,-24,-83,1
-45,-73,-25,1
6,-23,-6,-26
-12,14,-66,-38
1,-29,62,42
-66,-20,17,68
11,32,4,70
5,-20,0,0
14,8,8,12
26,25,7,7
-60,30,-9,69
-33,-11,-14,18
3,-1,-27,76
18,-60,52,14
-45,8,-18,38
11,-1,0,0
27,-86,-11,45
3,-4,-69,-1
-62,-30,16,-36
31,-20,35,24
-53,13,-32,56
-1,-74,60,-9
-67,-32,-44,-34
20,-32,0,0
36,41,-65,-37
-3,-37,-45,40
-54,-50,19,20
-7,-9,22,25
-2,51,-25,-11
-16,-10,-5,-15
-80,-68,29,-79
-44,-23,0,0
-37,-32,-28,13
-36,62,-48,-60
-79,65,-24,21
0,6,-68,5
22,-22,68,-23
37,35,-54,-25
-16,-41,4,-74
20,32,0,0
15,30,-2,49
-6,-32,19,28
-41,77,-1,6
-42,-11,-39,-38
51,-42,36,20
41,10,8,-23
-68,-16,-62,-31
29,-34,0,0
-44,-63,-32,-78
30,-61,16,-38
-4,63,17,-2
35,-14,5,-24
-59,-47,-82,-87
-18,-36,-1,27
30,25,-72,86
33,-12,0,0
1,25,-31,-36
-13,-62,-12,18
2,13,39,52
35,20,-21,-43
-15,-77,-77,-15
-13,74,15,31
-66,-32,-28,-7
-16,-1,0,0
-2,40,-31,-60
-47,-44,33,23
-1,74,-24,21
-29,-59,42,-37
-28,6,12,26
38,-9,-47,2
1,-38,-39,13
-43,61,0,0
-14,-29,13,-38
-46,-84,-25,-56
-79,17,-31,-53
-49,-50,-13,-16
-2,62,-30,-27
-3,-34,-11,-29
-16,-50,-34,45
-20,-22,0,0
-30,-60,-3,35
25,-39,17,-29
-23,-42,33,4
-2,4,-14,-99
-14,46,-18,-64
26,-42,44,23
-18,-66,-47,32
21,-27,0,0
29,17,-9,-23
5,-49,-20,21
35,20,59,-16
-71,19,15,26
6,-4,52,-18
-64,-38,-7,17
-26,-17,51,1
-67,-2,0,0
-32,-5,-92,-13
4,-19,-11,-17
8,-1,-23,-11
-2,126,58,21
-35,-1,-4,21
-17,13,23,-20
-18,-66,1,-25
-21,-30,0,0
-33,-11,-32,-25
-28,16,-3,-31
4,9,-38,33
-27,-46,-2,-36
-72,10,-50,-69
-16,-43,-13,-22
-27,18,41,-84
-17,66,0,0
40,-6,-27,25
7,-74,-44,-96
-6,-38,-70,16
-17,-25,5,-15
-17,-6,-19,1
35,5,-81,-14
-84,-11,4,29
41,-28,0,0
8,-31,-53,-45
20,-74,38,-32
-45,-37,23,17
1,-6,7,-43
-52,35,26,-6
-27,0,41,16
-83,-60,-35,-53
28,-2,0,0
-12,-103,-18,10
54,44,3,15
-13,-17,62,-39
6,-3,0,8
38,-48,-11,-45
7,-11,53,-16
-35,-12,24,12
-28,-28,0,0
-2,-63,41,7
-48,-54,-62,21
-40,-17,-41,13
9,-64,9,-78
22,-68,-8,-3
-78,-10,-32,-23
-39,-26,-81,-80
-43,-15,0,0
41,10,-20,-14
-2,-22,-28,52
-73,8,-4,27
46,41,86,-79
19,13,-16,7
-55,23,-29,-91
-4,40,19,11
-26,-41,0,0
-34,42,-50,53
25,8,-58,-6
23,-6,6,-8
-34,-46,-1,24
14,-14,43,28
-24,-29,-18,-38
-20,-8,-38,-29
19,-13,0,0
-64,16,24,-24
-22,-15,38,31
-4,1,-80,-43
22,14,-49,-33
-7,-30,-7,-8
1,31,54,67
-2,-20,-75,-24
-16,6,0,0
13,-65,10,-31
14,14,-28,-21
1,-22,47,-50
13,-76,-97,4
-14,12,8,-13
-16,-19,66,-8
-104,-58,-22,40
-4,-20,0,0
15,-45,-1,-18
-3,-46,18,-39
-19,-47,-7,-8
-8,7,13,-30
79,-4,-103,-82
-41,-68,-48,-45
-47,-53,30,-6
-44,42,0,0
-65,-19,75,-66
-22,-35,-24,30
-55,0,-34,-48
-56,-6,-6,-103
-49,-27,8,4
25,-86,-2,4
13,9,-16,19
-32,-32,0,0
-23,-64,-29,-27
7,19,-23,36
30,9,-39,15
-61,30,26,9
64,36,-16,26
22,25,-29,20
33,8,28,29
15,-55,0,0
58,5,38,56
-21,-19,-32,32
35,-4,-26,7
21,-73,59,4
-17,-24,-31,76
6,36,37,-37
-17,1,-44,-58
25,-68,0,0
27,-27,10,-4
-53,20,31,48
-10,20,12,-34
19,27,49,-54
-1,20,21,48
20,50,-18,-68
-39,1,2,27
29,-7,0,0
-4,0,25,69
22,-11,-25,-18
20,-16,62,5
17,12,-37,-39
-19,-18,49,-30
-44,2,-29,7
15,62,-50,-63
66,20,0,0
-8,-35,-16,35
45,23,-21,-4
21,-12,28,70
-36,-37,-28,-8
28,-48,-1,-27
1,52,-49,43
15,-6,23,16
-29,23,0,0
-7,-83,-37,25
4,9,17,53
92,-25,-31,-4
-3,-3,29,-44
-14,-6,11,-5
19,-10,3,35
15,-11,52,31
-2,38,0,0
44,26,0,-11
11,18,24,-14
-1,54,30,65
43,-35,37,-4
3,30,42,62
-1,-13,27,9
2,10,51,46
1,18,0,0
-4,25,16,54
31,58,-53,14
10,33,28,6
94,-35,-30,58
15,37,51,-20
21,6,23,-2
28,13,7,34
24,44,0,0
16,-1,14,55
-21,-17,-38,0
-26,10,33,2
17,-10,24,41
-16,-14,-6,72
-1,-44,-16,-35
-7,9,-36,23
34,19,0,0
56,-26,13,-5
13,-14,16,8
-36,28,42,-10
45,10,44,27
-3,3,2,-12
-35,-52,19,19
-10,43,10,-39
6,49,0,0
39,-6,7,47
-4,-3,16,28
-33,18,27,18
-2,46,-1,17
81,27,-28,-3
50,23,2,-4
-53,-7,31,12
48,-23,0,0
5,46,8,-25
22,39,-36,41
-7,72,23,-38
-71,12,-1,10
-15,-1,40,27
53,-14,-26,9
-41,-6,-25,20
15,-18,0,0
-16,-5,-24,-32
-2,-31,-8,10
-29,21,21,-2
41,46,21,-58
-17,-7,-12,-20
-45,-2,11,8
-38,45,-20,-45
15,3,0,0
-32,0,-6,-17
-2,-21,55,71
8,40,-74,38
80,-7,14,-2
-8,-46,-27,-8
-19,-7,-18,32
3,5,-27,23
-4,25,0,0
53,-8,-12,-33
2,31,33,0
-5,54,1,-5
58,-1,-43,24
16,-22,-17,-19
-13,-2,-39,-16
33,3,16,105
-11,4,0,0
-12,5,32,11
-33,-21,11,-72
-44,-5,-6,26
0,17,27,-1
13,51,-66,-51
-14,30,16,-14
17,-67,-37,33
11,-18,0,0
-13,54,22,31
1,-37,7,-13
27,-7,18,16
-6,-20,9,-7
19,5,5,-32
33,10,29,19
36,37,16,9
-10,-18,0,0
11,19,-35,28
21,-66,-10,10
-17,-5,42,14
-32,51,54,-24
-9,74,18,0
9,7,35,0
8,-7,-5,-20
-45,-4,0,0
-16,-10,-84,6
13,30,25,15
7,19,2,18
7,65,14,15
21,-1,35,-24
38,-40,-4,9
-71,8,4,-25
-31,70,0,0
-16,32,-3,46
17,27,-1,-16
38,30,-47,51
37,10,-3,37
29,-4,1,-4
-6,-37,-2,48
12,-2,61,9
-40,1,0,0
-13,1,24,21
9,-36,34,-40
30,0,-14,2
-46,-7,35,12
-35,56,-61,0
-11,56,-2,-14
-14,21,-6,-39
41,25,0,0
-1,-47,20,3
49,-9,5,-56
-24,2,70,42
-30,2,20,-16
-35,17,-4,13
43,37,1,-12
-47,-27,-10,24
26,-39,0,0
2,11,37,6
22,-41,5,-13
2,3,35,26
14,12,10,-8
-18,-22,46,20
0,4,20,23
-56,-25,13,32
48,19,0,0
46,-20,-6,-42
-74,-50,-2,51
-40,25,-7,-17
-1,-8,-17,-60
36,16,-20,-9
5,-24,-32,-11
35,68,-12,-2
18,-26,0,0
1,3,-24,-21
48,0,-33,13
25,8,5,43
-2,-33,56,10
15,-31,6,-7
-1,-11,-29,-46
51,46,4,-49
7,14,0,0
21,42,18,19
45,-12,36,29
-9,-7,-8,-12
69,21,29,-44
32,-5,40,20
-4,27,-3,24
7,-32,20,-26
-3,-3,0,0
-24,-35,11,7
52,38,35,13
-5,-14,25,-12
16,-28,-19,6
38,-2,41,23
-24,51,61,3
-54,-43,-6,3
-2,-6,0,0
31,4,-17,15
41,-15,10,-51
-11,6,-8,-4
23,-31,-51,19
22,-18,3,20
-23,4,23,-39
4,21,39,30
30,-6,0,0
-30,33,71,-80
32,-22,1,-6
-57,-13,22,-59
-10,-2,50,-68
10,4,-30,-38
-24,-29,36,10
59,46,-30,31
-31,15,0,0
26,-42,-8,-7
-6,10,-15,-10
14,1,19,-4
1,-16,2,-31
8,70,-17,-20
7,-15,10,34
-2,-16,5,-4
4,3,0,0
-44,-43,-11,38
21,-9,-10,107
44,8,-35,0
28,-17,19,45
-2,39,-5,16
0,-35,29,-35
-5,32,30,50
12,-17,0,0
9,-41,51,47
-8,35,-13,-6
-26,-7,20,-30
-15,60,-8,31
20,-53,-31,-28
7,-27,-30,38
33,9,22,2
36,13,0,0
-13,-42,-43,9
-5,-40,-28,0
-1,16,2,-76
-66,3,10,-5
-119,2,39,26
63,29,-11,-24
-33,30,-66,-64
-5,-24,0,0
-25,-63,-7,48
29,-62,-22,49
-16,-40,16,-57
-35,25,-13,-64
-22,-11,50,51
-35,-11,-10,-27
-18,13,-30,-48
9,15,0,0
-52,13,-55,46
-36,-64,3,29
7,-11,11,-43
27,-61,-84,-55
-13,32,13,-72
-37,16,10,-84
-4,-17,7,29
-48,-55,0,0
-12,-35,-50,9
-15,-38,6,-10
-21,8,-58,42
-26,-53,30,30
23,-3,-26,-33
20,-12,-44,-4
-72,-23,-22,-33
-40,28,0,0
-57,-44,-42,-38
52,1,-31,-28
-7,10,-6,43
16,-56,17,-49
-6,-39,13,19
-26,-55,-32,-61
-63,-25,28,5
-47,8,0,0
-13,-58,-43,14
40,-19,-13,-16
25,-12,-26,16
-4,43,-56,-50
27,-30,-29,27
-68,-5,0,-51
-40,8,-28,-22
-17,8,0,0
-34,-40,41,-3
42,-11,-56,-3
-18,35,5,38
-3,-56,-16,9
27,-42,-62,43
23,-38,1,-72
-25,37,6,-15
-4,-14,0,0
23,-6,25,0
8,-18,-64,41
-33,-4,-33,-27
27,-20,-51,38
-6,18,-1,17
-2,-31,-49,-59
-2,-21,-11,-7
12,-13,0,0
-23,50,-45,-73
-32,-34,9,63
-38,38,-19,18
-13,-62,-25,41
11,-38,-52,-99
20,-3,-86,53
-26,-65,57,30
19,-13,0,0
28,-30,-13,-66
-36,89,18,-77
-49,33,26,13
-37,-21,12,53
-56,-53,-21,-72
55,-17,-28,-10
-34,9,55,-14
-29,-40,0,0
-2,-13,-4,-56
53,-23,14,16
-58,7,9,-37
-111,21,63,-14
-44,27,-19,36
30,-73,-1,-96
-44,7,-33,-77
-43,42,0,0
-23,8,-40,-24
-17,-35,14,-55
-34,6,-38,-128
-27,17,30,-58
1,19,-46,1
-19,-44,-58,-70
-1,-17,-32,13
47,20,0,0
-57,-26,-21,29
-31,43,-7,-26
-47,-2,-34,-23
5,48,-23,-38
5,-34,-49,5
-29,-9,-16,-17
-26,-14,-34,-16
-19,-40,0,0
-49,-26,21,-6
-53,-45,32,13
18,88,-31,-46
33,-9,63,1
-17,11,16,-52
-38,-65,-16,-37
13,7,-33,18
-11,-24,0,0
-14,-56,32,13
-23,-14,3,-35
-27,-1,-96,-27
74,22,12,-33
-38,18,-25,-46
-73,15,-30,-21
-31,-8,1,15
-2,-59,0,0
-7,-41,32,13
0,-7,-10,-9
-40,-53,-30,25
7,-38,-61,-74
-80,-7,-9,-98
43,0,-3,-41
-6,-19,-31,8
-3,9,0,0
-32,9,49,-32
-38,-8,-71,-41
-7,-35,-9,1
-36,-68,-37,30
13,15,18,27
-5,-28,-51,0
16,-43,63,-15
-66,-55,0,0
-104,-42,-41,-66
-16,-12,-54,-2
35,-5,6,-12
-29,-41,3,-13
29,31,-15,-6
-34,-35,-21,-33
-31,-16,-3,-13
-46,-19,0,0
-67,-53,-33,-12
40,11,25,34
16,53,3,24
-28,-30,24,4
-7,15,-46,-57
-51,1,15,-71
3,39,15,-77
-17,53,0,0
-35,-13,-1,31
29,5,32,-48
23,-29,-40,-8
-16,-5,-14,-2
-9,-66,-52,-38
-13,44,-37,35
-26,-50,-117,-4
7,-41,0,0
-23,45,37,5
-35,-48,8,-6
-48,-18,-11,32
-14,-15,-17,-48
-75,-11,2,31
-2,-2,17,2
-43,-70,0,29
20,27,0,0
-49,-39,-28,-48
-15,6,3,-60
-31,-28,23,8
-44,-18,-32,-49
46,47,-6,16
-18,-11,-40,-61
-41,6,36,17
9,-26,0,0
-49,-12,1,4
-5,-20,-44,-31
-22,22,-46,23
-5,-59,2,-4
10,-25,-52,35
-58,15,-35,5
-7,17,-9,16
-1,-58,0,0
-14,-7,-59,-11
-42,10,-10,-5
1,4,-29,18
-3,-34,17,-53
-15,-25,-50,-3
-14,13,-22,-39
-19,-52,23,-2
-45,-8,0,0
-25,9,-41,42
-5,29,-70,-62
4,-24,-24,12
17,-26,-34,80
-5,-67,-26,-10
-1,-46,-39,6
-48,20,44,-38
24,27,0,0
-49,-15,18,-41
-29,-46,1,-6
14,6,-51,-36
29,-13,-29,-1
-56,-44,-39,-14
-29,7,-18,13
-30,46,-3,-44
-17,20,0,0
-9,42,32,-29
-32,67,1,3
-28,-44,26,-22
-18,-41,7,3
-56,29,59,-8
-17,-23,2,6
15,9,-15,-16
16,-88,0,0
21,26,-80,-56
44,6,5,-14
-19,11,-50,33
-15,-25,25,-87
-9,45,7,-64
-5,28,3,0
-7,-29,-21,23
-57,-13,0,0
27,-34,-38,-41
44,-1,-42,-21
12,-26,-8,-2
-69,12,-3,-26
-29,1,-8,-57
2,-23,-1,-56
-14,-14,-43,13
22,18,0,0
-16,-55,-40,33
-12,-20,-32,-29
-25,-34,-23,-13
-56,2,23,-5
17,58,-65,-22
-48,-12,-90,-60
43,-20,-25,-12
-10,36,0,0
12,-29,-18,-59
-46,48,24,4
-6,-18,-16,22
-8,-3,35,-12
44,18,7,-21
-4,33,-16,-16
-62,-28,11,68
38,-48,0,0
21,-4,7,21
-1,22,-47,-33
17,-21,-11,-29
3,1,-17,-37
-20,-35,-5,-18
-24,3,-66,24
-16,49,-6,-49
-4,38,0,0
26,19,-6,6
-40,14,-21,-20
-49,-14,80,17
21,0,34,-1
15,-51,-37,4
-25,-2,-10,-6
-2,-2,-53,-2
25,-44,0,0
-25,-14,-34,23
-43,0,-22,10
21,-21,-40,-11
-52,3,-17,6
20,9,48,-94
27,27,-16,-2
3,20,-24,-2
-42,-7,0,0
32,-12,-39,44
-85,-11,16,-7
-65,-27,29,9
55,-18,52,33
-46,-27,16,16
62,-60,20,25
-42,-15,-16,18
42,3,0,0
11,52,-2,-8
2,7,-4,7
41,-7,-1,-53
-13,-27,-6,-13
-14,-6,42,-16
-65,22,30,13
-4,10,36,49
-55,61,0,0
-30,-58,-33,15
-30,-17,21,-36
-61,-36,-42,2
-13,-11,7,-43
-9,-8,-52,4
-1,40,48,-97
29,-12,-37,26
21,60,0,0
35,5,-9,-22
-15,30,12,70
-35,18,-13,-29
-58,-28,46,-13
13,-52,-1,44
-54,-53,16,49
-14,31,8,-77
12,-35,0,0
6,-39,-35,37
20,-30,-13,-12
-41,14,-78,15
28,-5,-35,3
-3,79,20,-12
32,8,42,24
5,58,-35,-25
59,-24,0,0
-14,-13,14,-3
-3,20,-15,23
9,28,-64,-18
-22,-14,-54,1
0,-64,38,29
21,17,-49,41
-33,-12,-33,7
7,-40,0,0
31,-34,-27,-39
9,-1,-29,-49
-60,14,-28,15
-8,12,13,-8
10,16,30,-19
29,8,-18,31
-40,2,15,26
-68,-66,0,0
1,-23,28,-7
74,-40,30,65
-60,41,-34,13
-6,-40,-27,12
-44,8,-9,-15
-4,-2,51,15
11,1,-59,-4
12,65,0,0
23,23,-70,-41
-4,-4,67,-8
75,18,-10,8
-2,77,20,-31
22,-30,-36,16
-12,-49,4,22
49,17,25,0
-1,15,0,0
17,-9,48,-3
-49,-39,-56,-94
-30,-33,17,46
-17,-39,44,3
37,49,-1,37
17,2,22,-17
-32,-67,-26,28
-90,-37,0,0
-46,18,-7,-30
24,-3,59,1
-6,-2,-6,-15
-14,25,-28,-47
33,-27,-48,50
14,27,34,7
26,1,-5,17
36,54,0,0
7,35,-20,31
-12,-44,-6,-9
3,10,-31,-14
15,2,19,-7
-12,4,39,-6
-20,-32,34,17
-1,28,-9,-42
-73,10,0,0
-52,-8,-63,28
-14,7,23,-11
-21,23,-2,2
-60,36,21,0
14,-3,26,-50
95,27,-8,-4
-32,-7,-9,-18
36,64,0,0
2,57,-8,-12
-14,-13,15,-5
-4,-24,-7,42
-26,-20,2,17
-57,8,-4,19
-19,-64,4,43
65,29,51,-24
29,2,0,0
49,1,5,-28
-35,-58,-36,-21
50,-29,-3,-8
-11,3,-23,4
33,28,-32,20
20,-40,28,-12
-43,-27,51,24
14,21,0,0
77,-50,-25,32
-53,-41,7,-22
-39,-22,12,-31
13,-18,18,-69
-15,19,-34,-11
-7,32,-15,-31
-10,59,-25,-54
15,-51,0,0
4,-9,42,-29
52,30,-35,-27
-10,2,-34,12
-2,-20,38,67
28,-74,31,-22
-21,-3,30,34
-49,17,7,35
3,23,0,0
41,6,-18,-42
-36,-89,20,22
-30,-32,-10,-44
-45,-2,-88,-69
-15,16,26,-40
-10,7,-10,15
-3,-20,-40,-10
-5,-35,0,0
-80,-68,-16,-4
15,7,3,-20
-13,14,-25,18
-13,39,57,-21
56,-55,2,-14
-58,25,-15,-17
9,29,-18,-7
-31,14,0,0
57,65,41,11
26,-18,-40,44
-56,6,-12,-43
15,1,36,-22
14,-43,44,27
-6,-17,0,-6
10,-59,-59,18
15,-47,0,0
-46,-42,-14,-42
-8,-19,21,19
37,-31,-44,31
-30,-27,64,-34
43,39,-8,11
-17,62,7,6
21,12,6,-17
-29,4,0,0
21,-17,-19,24
28,-63,-33,-61
-9,35,26,-8
7,-28,-10,26
10,-57,5,12
-5,-58,13,-27
2,8,35,21
-11,11,0,0
-29,-56,57,-64
2,23,-1,20
-8,-28,35,-49
63,-11,-17,-12
28,30,-57,14
-5,-20,-2,23
-21,64,1,0
24,19,0,0
21,23,-11,-25
5,-22,-23,-21
-45,38,30,11
18,16,29,-85
9,-31,13,32
-12,-1,9,6
21,-54,6,-22
-2,-4,0,0
-32,-36,-57,-45
-1,-52,7,44
29,-9,23,12
41,2,4,44
-10,-13,21,-22
63,-82,7,-37
-40,6,38,10
36,-29,0,0
60,10,46,33
-37,42,-33,15
-32,-24,-41,-20
-67,36,-15,-34
46,-19,-44,27
1,46,20,-33
36,-21,-24,41
22,-37,0,0
52,-26,50,-33
-1,10,-24,12
-23,34,-16,-5
-10,-53,-36,-78
7,-9,-33,-8
45,48,-38,45
45,-60,4,-10
-34,-8,0,0
39,-56,-26,-6
-33,15,-9,5
71,-17,53,-55
-5,31,29,54
-53,1,83,-6
45,-2,4,21
17,-74,-18,9
70,21,0,0
-22,30,38,44
30,-45,24,24
-6,-29,-24,14
-83,43,-68,-13
-24,9,53,8
12,6,-25,37
15,-31,48,30
-41,51,0,0
1,-34,44,-33
1,-9,9,10
20,-34,24,0
56,-29,-37,-2
19,29,11,-53
-13,-8,28,9
32,-51,55,-21
7,19,0,0
-13,-6,25,-20
53,-14,19,-17
28,30,-15,-30
-28,-82,33,-1
15,-8,-11,27
-60,24,-29,-7
24,-31,4,6
-20,29,0,0
-9,-8,-14,-19
10,-45,-23,36
-22,-2,20,-12
86,-33,-2,19
-36,42,8,-12
-1,-69,-7,25
9,-64,18,-12
4,-12,0,0
24,-24,43,14
-21,40,4,26
-9,89,32,-7
-18,50,3,-20
8,31,-8,30
-37,3,31,19
-39,19,-38,-1
-4,-7,0,0
-46,-36,49,-1
44,-80,-57,-9
7,-4,69,-9
28,-8,-34,-36
2,21,-28,37
48,-22,29,-51
-48,80,-57,4
26,-7,0,0
34,22,34,-32
-54,-3,13,48
13,-30,50,-58
20,39,-17,17
15,-25,-16,23
-55,-32,-71,6
-31,-32,14,-10
-5,-29,0,0
-28,-20,-14,-29
7,-16,-47,69
-2,24,-6,4
58,18,-66,56
10,-12,-63,-70
-10,6,17,26
51,-12,34,62
-28,17,0,0
8,84,-9,-3
-19,36,32,33
-3,9,68,20
24,-69,-26,-2
-5,-78,-29,36
-14,60,-12,-59
10,-20,-14,22
26,-22,0,0
26,-19,-47,13
-63,7,22,-32
-9,-42,-20,59
-35,-34,49,8
11,20,22,-20
-9,20,-47,-18
16,-32,-14,0
-13,-4,0,0
30,-7,-17,20
-10,-2,-62,-22
-21,-26,-2,1
-9,-44,-51,35
3,-31,-11,-38
62,11,-18,-23
-16,4,-15,15
-38,19,0,0
-46,20,-27,-4
32,-9,59,18
34,8,23,41
-47,4,34,-36
-18,0,-65,14
4,5,-50,36
21,6,35,-12
17,-2,0,0
5,47,-114,66
-39,-69,-12,25
-8,42,-5,-44
-1,23,44,50
3,10,21,-93
5,-50,0,10
-75,10,-16,-25
-30,-12,0,0
-6,-20,-42,79
19,-20,32,-10
-47,14,-30,3
63,80,-43,-52
0,5,-18,-21
32,12,-12,-12
-5,-21,52,16
17,16,0,0
74,8,-5,43
7,-28,-31,-22
14,9,-2,-25
-3,-20,-76,30
-49,-13,-30,-24
-27,-21,22,42
-32,24,-21,-1
-43,5,0,0
-14,-54,20,-21
-22,-13,-25,-38
-6,-28,-36,49
9,12,16,-3
-1,10,3,25
36,8,-61,-2
-30,-69,6,23
-35,-60,0,0
-64,-9,5,-16
36,1,14,-8
33,-2,65,-17
-32,25,-16,5
-16,40,-32,27
-71,31,-72,24
-2,20,-49,13
19,-33,0,0
2,13,-6,26
67,-26,-6,-2
52,43,-12,-35
-22,57,-36,7
19,11,-16,-18
27,0,-46,5
5,51,-26,24
10,-19,0,0
-40,55,-31,-45
19,-53,40,-5
9,-35,22,-21
-43,-3,-8,-23
-66,24,-1,-33
23,-8,-3,-17
-17,-48,-46,-75
30,-36,0,0
25,-9,31,-10
54,49,29,-14
-32,47,3,22
52,44,14,4
44,-16,-9,44
8,3,-20,2
44,8,5,-1
23,52,0,0
58,-17,19,-24
7,-62,-7,33
-10,-18,56,-35
-56,-55,12,-63
12,67,24,-9
-12,-34,6,-19
47,-38,-2,-44
47,-24,0,0
6,-38,-41,-25
-2,1,70,-60
-42,13,21,-13
70,-42,-15,-21
14,-7,-30,-2
-7,4,44,-23
-7,10,40,-12
55,-28,0,0
26,-1,40,3
48,-24,-21,-40
7,-26,79,-53
-8,-43,-1,9
-3,11,1,-30
0,-23,-22,-16
-33,9,-5,33
-23,1,0,0
-26,-23,-3,40
-50,-1,43,-16
3,1,-10,0
49,-1,-33,81
-34,0,-62,3
0,45,2,-15
5,-23,6,-45
2,5,0,0
-27,66,-27,1
-1,-44,-14,11
-1,33,-3,-59
15,-20,-25,-23
21,-42,38,-5
33,-36,21,-29
4,-19,-1,39
-38,13,0,0
-7,-57,90,34
-44,53,42,1
4,-81,2,-3
-38,24,-24,99
22,-7,-19,-42
9,-20,-3,60
0,43,34,-9
-7,-34,0,0
25,79,5,35
-44,13,-33,-12
-41,-21,-35,50
-8,-13,-24,-2
-108,28,-10,62
-19,59,32,-12
5,-11,-48,6
-63,9,0,0
-38,-62,22,-62
11,19,-2,-21
69,38,19,7
9,-2,-42,69
60,-40,26,-31
28,-10,-26,50
-67,30,-13,15
25,36,0,0
1,-31,-3,11
-50,24,-10,15
4,45,-26,-82
8,-10,-2,0
-89,-16,57,-27
-31,13,-5,-57
22,-27,-64,-25
37,-11,0,0
-5,6,-14,-4
-23,-35,6,-3
-25,-20,-7,-16
-77,6,-21,-4
27,2,39,3
-24,28,-69,-16
-41,19,-73,-7
10,-7,0,0
-60,-34,-22,24
33,-32,-48,29
32,-64,-1,9
-72,24,-48,0
22,-49,9,-57
-10,18,-47,-54
-46,-7,10,-25
-13,-15,0,0
-11,-81,9,12
28,-74,-7,8
6,-67,-13,-19
-59,-10,27,-47
10,-26,-28,19
-48,-49,-26,-34
-33,-24,5,-43
-55,-41,0,0
-27,-74,-11,-14
66,-1,7,-31
18,-28,-4,25
40,-80,6,-36
3,-17,-12,-39
-12,-8,-37,-5
-10,-47,57,-40
-68,-50,0,0
-28,-7,-34,29
6,28,-78,12
-14,29,-59,-17
-8,-17,-10,23
-52,-37,-32,-21
8,-31,-29,-27
5,-55,-29,13
-44,-27,0,0
-30,21,1,4
-24,-28,-61,21
-24,41,-18,12
-10,-55,24,20
-28,4,-1,-18
-38,-31,37,-22
-50,34,-14,14
-67,-57,0,0
9,-99,44,-29
-16,-1,31,-84
-6,-16,27,-44
60,-45,19,-43
-32,21,-45,-35
-46,-44,-23,-60
-45,70,34,-31
15,7,0,0
11,-31,43,-24
24,-39,-15,37
-40,-12,26,-35
-48,33,-37,53
12,-17,-81,1
12,-47,-32,-52
3,-13,12,-11
-11,-23,0,0
8,38,-58,21
3,71,-52,-39
-76,48,3,-98
-39,42,-10,-1
-21,-30,1,-30
-37,-4,-54,-37
6,-3,24,-7
35,-46,0,0
-51,-8,13,21
-22,36,-43,0
-32,-14,-42,-36
-31,6,25,-30
-11,-8,-6,5
4,-15,3,-23
-48,-23,-38,-25
3,-15,0,0
16,21,-3,-28
18,-42,17,7
-31,17,-37,-34
-6,-57,-4,-18
-24,-20,80,12
19,-59,-19,-53
-50,28,-36,41
-11,-5,0,0
-19,-54,11,-7
4,10,11,-22
-38,4,-57,-23
-12,-14,13,-30
-13,9,-7,7
-49,-17,-88,12
-29,4,0,2
-30,-13,0,0
-25,-26,9,27
-15,-5,34,-6
13,54,-87,-28
-3,-13,-16,-3
-59,2,-34,-52
-13,-17,-47,-9
3,-39,-3,41
3,-28,0,0
-62,27,17,4
-20,17,-8,-11
-8,-34,-13,-22
-8,-48,-24,-41
-12,7,-23,-23
-36,-27,4,-35
15,-52,44,27
0,-54,0,0
-25,3,-52,-22
12,-46,26,18
-25,-27,6,-91
-43,1,-2,-78
-10,-11,-45,-30
-13,-6,12,-44
-58,19,-22,-16
-30,4,0,0
-24,-62,-19,1
-28,1,18,-13
-29,51,-15,5
-1,-18,-75,-14
29,-7,26,-54
0,-32,-20,-24
-9,-4,28,-14
-87,15,0,0
-63,-48,-20,35
-23,29,7,29
39,-14,-43,-13
-13,-37,-59,43
-17,-38,0,-66
-11,17,-15,-41
-22,10,-16,-23
-34,5,0,0
-98,0,-11,20
-18,39,6,5
40,-29,-47,63
-20,-4,8,-25
-41,41,-70,39
-29,-5,-6,6
-18,8,-14,-40
-7,11,0,0
-84,23,-2,-6
85,-11,49,-48
41,-31,20,-24
-91,50,3,-46
-7,48,-52,2
-23,47,-15,13
-64,-17,2,1
20,-79,0,0
-30,-45,29,30
-15,-72,26,-40
-12,4,0,13
9,-22,-58,15
-39,-4,9,30
-13,10,-19,-6
-50,23,29,24
-5,-5,0,0
-5,-18,19,-46
-58,25,7,11
-45,10,0,36
-15,0,16,-35
-3,11,-31,-22
-7,-33,6,-48
3,12,5,7
-11,-45,0,0
19,-37,-1,-8
24,-36,-46,-1
5,20,-6,28
-17,-51,11,-11
-22,-45,-19,-5
9,-31,-6,-25
47,53,2,-14
31,2,0,0
-13,-43,25,-18
-36,-82,12,12
18,-20,24,-50
12,-22,36,-61
-4,-30,-68,-27
-10,-8,-48,33
-7,-21,-1,-67
1,18,0,0
-20,4,-38,33
-11,24,-9,-40
-14,15,-21,3
48,-60,-69,18
-8,-43,9,-6
-10,34,-27,-31
-32,-33,32,-9
38,-47,0,0
-12,29,-65,-17
29,-39,6,19
10,23,-58,5
-2,-4,-20,-5
9,-20,-6,-49
-21,35,-11,-53
-35,-11,13,19
-74,-33,0,0
0,25,43,-45
-9,2,66,-41
-18,-72,45,-61
-31,5,-16,-39
-30,-58,15,-20
12,5,-12,-20
15,-30,-33,-33
-25,-8,0,0
2,-14,-42,-29
-1,17,4,-18
-3,-31,-34,-31
20,-37,18,-55
-28,83,-37,-6
-50,15,12,-47
0,-29,-20,-15
-31,-12,0,0
-33,13,10,-25
40,0,-50,15
-20,-5,-76,-29
-29,-47,2,13
-21,-89,-36,-26
-35,-47,13,-28
-68,12,-59,-5
-49,-9,0,0
-10,-55,-48,-9
-30,-26,-3,14
-43,19,-9,11
-48,29,-84,-19
-69,35,-33,-59
-44,-78,-73,-25
-10,-11,-18,-59
-32,7,0,0
37,-33,33,-3
29,-1,-23,34
29,-10,68,-29
39,9,23,-34
-47,58,-18,-93
30,-19,12,24
-26,-50,-13,8
100,48,0,0
-9,58,23,79
18,-31,-7,-7
-5,-18,73,-7
12,3,-22,46
-6,-11,-5,-21
-13,-12,62,56
30,-30,33,-11
-19,43,0,0
-63,-32,-15,0
18,11,44,30
-41,-39,-59,53
-31,-10,2,60
62,49,-45,-20
35,34,37,41
-18,25,83,15
-56,-50,0,0
10,-14,-29,-61
27,37,13,0
14,39,-89,48
-22,-45,50,3
-9,21,4,16
-10,-12,29,26
-11,16,62,-1
-1,-17,0,0
58,57,8,9
28,-8,-36,-2
28,38,34,-4
20,-17,-16,25
-32,18,-1,38
-55,-36,40,40
9,-18,1,12
42,-49,0,0
-15,22,60,-5
-8,-38,-10,-43
25,23,-7,-37
9,46,-31,-2
24,6,-3,-5
-33,32,8,-18
11,-50,-39,-10
3,-6,0,0
-19,-45,28,-18
-68,-31,20,-26
-51,45,28,-27
0,54,3,4
2,-24,-8,25
-5,1,22,-96
25,1,-83,-38
-23,-11,0,0
-16,91,-61,-27
-2,-45,24,52
-21,10,7,5
21,-2,-15,-9
64,-17,27,-36
5,-2,-63,41
-53,26,46,-5
-12,-47,0,0
-6,6,-7,-17
7,32,62,-39
30,12,-16,-32
15,-35,-8,35
-36,-9,3,-30
57,12,-53,26
-32,-53,38,56
-23,9,0,0
24,-5,6,-35
60,-6,4,-25
42,3,55,12
-43,-20,3,-37
-58,-43,-13,15
-3,28,34,-18
-26,-6,-21,1
-39,26,0,0
-26,-2,0,-6
-36,-6,34,-10
1,-45,62,51
5,-55,47,-59
-42,1,-39,29
-28,41,8,-4
57,-54,-21,24
34,49,0,0
14,-39,-12,46
-70,34,-12,28
39,-16,20,16
7,-1,-59,59
14,-6,-4,18
20,18,-23,15
57,-32,28,31
0,35,0,0
0,11,25,0
-60,-13,-62,-53
47,-22,62,-22
-61,8,8,18
56,-11,-3,11
70,-55,-5,-18
-5,0,30,-13
-22,-35,0,0
-4,-19,54,61
-29,-52,20,7
14,-25,-12,-32
-55,-53,14,-26
-20,26,-25,-14
-8,36,26,5
-68,21,-2,-22
37,-34,0,0
31,-50,-46,79
21,-1,42,59
8,11,-27,-3
31,45,-90,-41
-17,22,1,-35
-5,15,42,-12
-22,24,8,-55
26,11,0,0
14,-64,-23,12
-16,24,-48,6
26,20,29,30
32,-15,-31,47
-7,13,44,19
-5,-37,-14,-42
-52,15,53,-50
-47,18,0,0
-52,-3,-17,-53
10,36,-37,-6
48,-2,16,30
12,-44,20,21
17,-61,-40,28
-33,-35,-25,60
-55,-30,33,18
-15,-25,0,0
-21,7,60,-25
23,-35,27,37
-13,-6,-1,-29
16,-16,28,-49
-32,8,-44,4
-36,3,-30,-36
26,-14,3,23
7,-19,0,0
77,-44,17,86
36,-20,-31,-16
-4,1,38,-93
15,46,-59,-33
40,-29,35,2
66,39,-10,-37
-27,-20,-97,81
18,-30,0,0
28,28,-54,62
-16,33,-5,14
-43,24,-10,-22
54,15,-5,-42
-18,-2,44,14
36,-10,39,27
-5,-44,-35,43
22,-32,0,0
-44,3,-44,-79
-34,44,23,42
-10,4,7,21
1,-8,-7,24
33,8,17,-1
-26,-64,2,11
39,-14,19,4
3,16,0,0
7,-19,-27,13
8,4,9,2
18,41,21,19
18,39,-12,11
45,12,-51,-6
-55,-10,-71,22
88,53,-48,-78
-7,-7,0,0
21,47,28,82
30,14,1,-17
12,46,-8,16
11,8,47,21
-9,-13,17,-13
8,32,14,-38
9,-12,18,15
-3,1,0,0
5,-1,10,13
5,52,-4,-29
-13,-24,11,-40
-11,-39,-67,49
-19,8,14,-2
71,0,54,-29
-96,-24,6,35
5,3,0,0
-7,-58,30,-14
-11,-22,13,-51
58,-1,-19,21
-31,-39,-28,35
-27,7,-53,-20
9,35,-28,-4
-16,26,19,-15
-35,50,0,0
34,53,17,-35
-42,4,19,43
-49,36,-2,-45
39,0,-5,-8
-44,-1,-32,-18
9,-43,36,-47
9,-35,-25,-10
12,-12,0,0
16,47,18,-57
-34,68,14,47
-52,-32,-36,-6
-38,22,55,-57
29,53,-10,-26
-12,4,-12,51
-24,-33,-40,-5
-15,-16,0,0
-25,-12,-2,64
-11,-15,14,38
11,-49,-20,37
-41,5,19,52
-52,3,32,12
-3,9,17,-22
4,-28,28,-35
-30,-43,0,0
-12,37,24,36
10,-5,-21,-4
59,-28,31,-41
2,7,-18,92
-30,-48,5,44
24,4,-13,-34
8,0,2,-13
15,-4,0,0
-11,2,45,5
-45,24,-13,-15
30,34,28,19
1,-32,-1,-7
57,-61,-14,27
-32,-13,-15,38
20,14,-63,-11
22,25,0,0
-33,53,52,53
-25,-11,10,48
-4,31,-56,49
-19,-17,-34,19
23,13,-12,18
17,38,32,15
5,12,25,35
-9,16,0,0
-19,-65,-28,-8
27,82,-28,-60
27,53,-20,-21
58,-23,63,-58
-16,72,-4,0
-23,0,-15,18
-12,28,9,55
32,-14,0,0
-39,18,-24,28
-7,5,-9,-4
-40,-37,31,-66
-3,-38,-39,-26
21,-12,29,8
30,-27,-12,16
34,35,-42,13
41,-50,0,0
25,5,-36,30
-47,21,23,40
17,19,44,22
57,41,-26,8
-31,-28,30,-58
37,34,-26,31
-11,15,7,23
-20,10,0,0
38,41,66,66
-36,4,35,10
-9,2,23,15
-68,-13,61,23
66,-4,3,7
16,-5,23,55
-43,36,-21,-47
-11,22,0,0
-16,-5,-36,-18
24,-55,-42,-66
-31,-36,19,110
-24,4,17,11
16,7,61,27
-13,-25,38,54
-43,-12,47,8
-10,-31,0,0
46,1,-44,39
-43,7,-5,49
-5,-2,-61,13
3,36,12,15
-64,-10,-2,-26
-5,1,21,-35
-38,-62,7,20
37,28,0,0
-23,8,4,16
2,-10,-17,14
26,34,34,13
-31,-44,27,11
32,-5,-31,18
-30,15,31,-30
59,51,-2,-1
35,33,0,0
-19,24,27,-16
15,19,60,0
-42,65,-27,2
11,16,-1,-16
-2,30,13,-5
-77,-37,14,-57
32,-11,-15,-7
39,76,0,0
1,-11,-23,41
-34,-86,20,13
-32,55,-60,20
31,1,-42,10
66,-61,11,4
57,6,-12,67
-32,-27,-13,-47
29,-49,0,0
39,37,5,-27
54,16,-30,-13
14,34,-38,14
0,-6,-49,-25
-87,8,37,36
87,-6,67,33
-40,31,-8,24
-2,-39,0,0
-60,-62,-43,-71
81,-39,76,29
-3,15,-1,13
6,2,30,-12
-6,18,-13,11
-28,8,11,-18
22,49,10,-1
-16,1,0,0
79,61,-47,-2
-29,9,-8,-52
-4,54,1,7
-20,-55,6,-3
54,-32,-7,9
-23,-2,-68,2
3,-38,8,81
16,24,0,0
36,-52,71,-42
34,60,26,15
-33,1,-9,39
-6,3,1,-7
-22,-24,-20,-1
28,3,12,63
31,-57,-60,51
-24,52,0,0
24,33,42,-28
-55,-42,5,-6
64,22,24,12
-62,13,57,4
34,42,-43,15
28,1,40,2
3,-42,24,-20
-40,-44,0,0
-17,-56,-5,-13
18,-33,6,-40
1,-46,23,37
48,37,58,-47
38,21,26,20
2,-1,-8,-7
8,19,4,-6
-6,-50,0,0
7,-31,-56,34
17,-11,48,43
16,6,-19,-19
-19,45,-39,-37
-47,-24,-65,-36
-35,-14,48,-54
-9,-21,-17,-61
33,99,0,0
-30,35,35,35
2,48,-12,-37
17,11,-33,36
47,-4,43,54
23,-1,43,52
112,-25,-2,27
-6,7,67,-53
-3,29,0,0
-20,45,1,3
-25,10,-37,37
-15,11,20,27
-66,-72,22,-15
-35,-13,29,-17
12,-19,53,33
1,-8,33,-24
-46,19,0,0
22,-21,-51,18
-4,-75,-8,-13
3,-10,33,34
10,35,15,-24
43,28,-40,24
-24,43,-23,-41
-19,54,60,22
59,0,0,0
6,-13,8,2
-31,-38,-2,7
48,-40,28,-55
17,25,-13,30
34,-7,17,-8
9,-52,-31,12
-49,-32,-35,53
-58,-54,0,0
76,37,-1,58
-11,20,-4,4
18,15,41,26
60,15,0,-22
-18,-12,8,18
-15,12,23,39
18,53,27,33
36,65,0,0
39,14,-23,-21
8,34,-30,40
-36,2,-38,-10
-74,-9,-38,-70
44,-15,-12,-15
-24,19,-17,7
-24,-10,-113,-28
-29,-16,0,0
-47,17,-26,14
22,9,-1,34
-37,8,-70,6
1,53,11,3
-2,-16,27,31
-33,34,27,19
40,9,-35,29
50,-17,0,0
-34,18,13,27
-42,0,-28,-5
32,30,16,7
-46,9,29,-44
77,-12,46,-35
-49,-16,-16,25
-89,-70,-28,-6
-39,-73,0,0
33,-52,16,66
36,27,-32,-2
-28,4,-29,10
-21,-48,-17,96
15,-19,-8,9
48,15,1,-27
-30,54,31,20
17,23,0,0
17,-43,-25,-29
5,-46,5,-19
58,-4,-11,-37
-6,-24,-1,-29
-7,6,-10,24
14,8,4,44
30,64,11,1
6,37,0,0
-21,45,82,-51
24,35,45,-17
-75,34,36,8
21,22,71,-37
75,7,-41,-43
12,-38,15,15
64,-50,-16,-4
-18,-36,0,0
46,6,6,13
26,-47,-26,33
30,-12,-8,41
56,-4,34,-91
-3,35,10,29
27,3,-10,-8
-37,6,26,3
-31,-25,0,0
-35,-45,-31,4
8,-11,16,75
14,15,-3,-7
-62,10,38,51
4,-29,-9,23
-32,-28,26,-60
57,-9,58,27
70,26,0,0
