[-26,20,38,55]
[40,19,-29,-28]
[-23,-16,7,4]
[11,-60,-37,25]
[17,0,-5,-31]
[4,-30,2,-66]
[7,48,10,-69]
[-23,43,8,57]
[-18,16,43,29]
[13,-28,-1,-4]
[6,-9,-4,13]
[42,19,-76,-43]
[-22,-15,39,-50]
[15,-6,-91,-29]
[-71,54,39,19]
[68,-52,-48,-5]
[-31,54,3,33]
[15,0,50,-36]
[-35,-83,-29,48]
[-34,-4,-11,24]
[0,-25,-16,-17]
[-46,15,-46,36]
[66,-33,13,16]
[-12,5,-18,63]
[-29,-31,-13,-6]
[29,-22,-42,-30]
[33,-25,-31,-56]
[15,40,-15,-66]
[-42,-49,-3,9]
[6,-16,-10,-15]
[-11,-11,-34,-41]
[-25,7,35,-10]
[7,-2,-45,-14]
[-27,14,38,3]
[35,-36,-42,-53]
[-4,8,0,11]
[-7,-21,16,28]
[-22,19,-34,29]
[14,-12,2,9]
[69,-24,29,-50]
[-30,-8,-23,1]
[24,-83,-71,-66]
[41,32,-26,-26]
[-17,22,2,44]
[63,6,-45,44]
[-6,44,60,28]
[-22,4,-10,-3]
[41,2,20,23]
[-64,37,38,82]
[48,-27,-9,30]
[-20,45,22,31]
[-35,-52,-48,57]
[25,22,-23,-37]
[28,-83,-68,-43]
[3,49,-6,-68]
[13,4,-15,7]
[10,-24,-3,3]
[-31,-12,-11,9]
[-12,22,-29,-10]
[45,-33,42,-53]
[-19,1,4,3]
[33,8,7,-19]
[-15,22,1,23]
[-21,56,-9,22]
[-6,-15,-14,30]
[24,-29,-14,-11]
[15,7,14,-15]
[-32,6,3,37]
[-44,-67,-51,19]
[9,40,17,-83]
[1,18,-5,-11]
[-34,-26,23,35]
[69,51,-19,-22]
[-27,-9,23,39]
[9,19,-7,-27]
[-13,26,48,-59]
[32,-19,-3,37]
[43,19,23,39]
[19,-4,-23,30]
[47,-12,-24,-40]
[-4,-2,-11,0]
[12,-30,-30,-33]
[62,-24,-37,-23]
[-25,-18,-67,10]
[23,6,-72,-49]
[-8,2,5,12]
[-7,-64,-45,-12]
[27,61,-7,-41]
[49,-34,20,24]
[-78,-1,15,7]
[1,-55,-49,39]
[50,-14,-13,-26]
[-46,-6,-19,2]
[4,41,-28,18]
[-7,-68,2,23]
[36,-19,-41,-20]
[8,-21,1,-55]
[15,-16,-54,-34]
[-6,-18,-24,33]
[43,-39,-11,10]
[-22,-37,-28,0]
[-10,-77,-8,10]
[39,-50,-83,-37]
[15,9,9,-95]
[-36,-50,-36,18]
[52,-8,0,-4]
[-20,23,76,21]
[40,-28,-37,-45]
[-21,31,32,1]
[-33,-48,-11,-56]
[42,15,-73,-14]
[42,-10,30,22]
[7,-34,-43,-47]
[28,-18,-101,-13]
[-12,11,-31,-26]
[19,13,18,-48]
[11,-35,-24,18]
[26,-20,-48,-1]
[-19,-59,-47,-34]
[12,-18,-23,-22]
[41,-47,-28,-40]
[30,-21,-43,-68]
[-2,15,-54,-34]
[7,-12,16,38]
[-53,8,80,2]
[46,-20,-27,-63]
[-10,37,36,16]
[-1,-8,8,30]
[-38,-41,-25,15]
[-1,-13,-68,-50]
[7,-22,30,-62]
[-4,39,31,-78]
[-44,-67,-1,-1]
[-25,89,5,-10]
[26,44,0,50]
[15,-43,26,1]
[-6,-21,-29,-29]
[-25,-52,-62,-22]
[-43,-55,-80,-38]
[43,25,27,-37]
[36,2,11,-10]
[-38,5,-46,-13]
[8,28,-26,-7]
[48,-63,-38,11]
[-37,-30,-19,0]
[43,20,-12,-64]
[-8,-53,10,4]
[-5,-8,-40,-10]
[50,-69,14,-54]
[-16,7,-32,3]
[16,22,-1,-70]
[14,-17,-10,-16]
[-20,48,10,11]
[-57,-15,-3,-23]
[52,23,38,-47]
[-48,2,28,82]
[34,8,-29,1]
[-72,32,39,13]
[29,31,11,-32]
[-68,-15,-9,78]
[-18,-6,-47,-7]
[40,-30,-20,40]
[-49,-41,-54,8]
[60,-55,-33,-51]
[-19,21,-12,-5]
[-31,-43,-8,-25]
[54,-2,-43,-36]
[-22,13,-56,32]
[21,-20,-43,0]
[-24,-44,-1,3]
[-34,-47,-39,-33]
[40,-8,-42,-36]
[-12,7,-22,37]
[48,-31,25,-68]
[-33,-9,2,-28]
[-4,40,-39,27]
[11,38,46,21]
[-10,-76,23,30]
[4,-52,-39,-60]
[-17,-49,-38,-53]
[25,-17,7,-8]
[-5,-39,-15,-44]
[-47,17,-52,21]
[27,-41,-14,57]
[-10,4,41,24]
[13,-21,-38,25]
[29,-19,14,-7]
[1,-34,-15,31]
[26,-1,-16,-4]
[-18,-36,-53,59]
[-23,-23,-41,8]
[14,11,10,-53]
[-39,-27,-16,39]
[27,2,-23,-59]
[-34,16,17,-2]
[59,-29,12,14]
[31,14,19,2]
[-17,10,-13,13]
[3,-17,-45,4]
[-52,-3,-36,16]
[50,-15,7,-37]
[-16,92,42,16]
[-1,-30,39,70]
[28,20,17,-10]
[21,33,27,14]
[-53,-42,-24,77]
[-7,28,16,-29]
[-23,-54,-2,-5]
[47,-1,-19,5]
[-13,-55,-28,21]
[-49,-24,-26,23]
[55,-8,34,-2]
[-21,0,-14,37]
[9,-21,-49,15]
[-16,-4,4,-6]
[15,24,46,-86]
[-34,-75,-23,-9]
[-3,32,3,7]
[12,-29,17,-14]
[3,64,-5,-10]
[24,-83,-61,19]
[6,60,37,-17]
[-14,-72,-52,11]
[-9,43,-29,-43]
[-23,-54,-14,-3]
[0,18,9,11]
[7,-84,-11,-18]
[-30,-34,-41,-2]
[70,-5,2,-31]
[49,-33,-35,26]
[-34,8,10,15]
[35,-29,-68,-31]
[7,-26,-56,-33]
[22,-56,39,-57]
[1,67,-22,-59]
[-18,5,21,2]
[17,-28,46,65]
[30,8,10,18]
[-11,-23,15,16]
[1,-41,-30,-45]
[-49,6,11,47]
[30,-11,-23,-50]
[-36,0,-14,18]
[1,52,-7,-29]
[3,-31,20,-12]
[-41,7,-9,61]
[62,-14,42,0]
[-3,-57,-46,-8]
[-26,-17,-31,-56]
[-31,18,-34,62]
[-22,-61,-33,-24]
[23,0,-34,-40]
[31,13,10,-10]
[-25,-3,-5,46]
[19,41,-4,-22]
[-36,-26,40,30]
[-26,27,6,-29]
[54,-19,18,-30]
[-9,54,22,44]
[-4,-18,-17,-46]
[-36,-13,-10,-26]
[18,18,-43,-12]
[7,-12,-15,-7]
[-96,50,7,4]
[36,-17,9,1]
[-56,37,56,50]
[-40,-17,18,-8]
[33,-43,-41,-57]
[-57,52,-11,9]
[96,-78,-14,19]
[9,9,-30,-15]
[4,-66,-31,37]
[8,66,-7,-26]
[6,-29,-5,39]
[3,32,88,-4]
[-22,-18,36,-15]
[40,13,-1,16]
[-15,-7,-50,52]
[-2,47,-19,-62]
[-21,-6,-50,34]
[-3,-65,-14,50]
[10,4,-72,34]
[-7,-24,-3,-44]
[-49,-1,29,-2]
[36,-25,1,-3]
[-10,40,2,12]
[72,-73,-19,45]
[-53,53,15,-20]
[40,-82,-89,-65]
[6,-60,5,2]
[14,25,-49,10]
[41,-122,-51,22]
[-11,37,-37,25]
[93,-38,-50,-12]
[-35,22,49,4]
[-44,23,4,23]
[41,3,15,20]
[-56,101,24,65]
[16,-34,-33,47]
[-14,40,15,-40]
[23,13,-10,36]
[-17,36,18,23]
[-2,7,4,9]
[-23,-14,17,5]
[29,80,75,30]
[55,-90,47,45]
[4,-9,-8,38]
[4,-50,-62,-36]
[27,-32,-69,-31]
[21,-7,-52,45]
[29,-4,-10,-30]
[43,-30,-82,-50]
[-40,4,-27,-42]
[-16,70,33,-43]
[-17,-11,46,81]
[13,5,-19,53]
[-102,29,40,-15]
[18,21,-2,-6]
[-26,21,22,79]
[-12,15,38,23]
[66,-34,-3,30]
[-50,-20,42,-26]
[68,33,-38,-76]
[28,-46,-27,10]
[-5,-13,-4,-17]
[43,5,-52,14]
[51,8,5,-27]
[-13,-50,-33,39]
[-3,-23,1,0]
[39,-26,-48,-31]
[-52,-24,6,32]
[-18,58,14,-29]
[12,3,-5,18]
[-39,101,63,14]
[49,-39,14,38]
[-63,3,104,-34]
[15,-14,-63,-100]
[-6,-19,18,-2]
[24,28,-29,-8]
[1,2,1,18]
[65,-70,-15,-44]
[-21,0,-31,-35]
[21,-49,-46,-29]
[44,-19,-7,10]
[11,20,-15,14]
[33,-87,-23,-15]
[-21,12,-52,12]
[27,83,31,2]
[-28,29,62,42]
[38,69,39,39]
[-29,-24,16,30]
[5,6,-21,-45]
[31,20,26,-13]
[-22,1,-16,19]
[61,-1,12,-84]
[-17,-28,-35,33]
[-20,21,-9,13]
[-22,-76,-13,-42]
[48,5,17,-70]
[-6,17,52,56]
[7,-33,-57,-34]
[57,-27,-23,10]
[-42,-18,24,16]
[42,-22,-87,6]
[-71,52,33,15]
[40,3,-8,-36]
[-43,8,27,91]
[-48,2,-16,-8]
[11,-12,6,-6]
[-39,16,-4,56]
[54,-82,-2,-83]
[-38,-25,-31,-19]
[-25,50,2,-6]
[2,7,61,-29]
[-12,-49,47,22]
[-21,12,-4,-35]
[75,-10,-16,-47]
[-21,-10,-5,4]
[20,46,14,-23]
[63,0,17,46]
[49,-22,12,21]
[39,-41,-68,9]
[-32,47,-15,-32]
[-1,-41,-17,-18]
[-8,14,34,-3]
[-29,31,24,-56]
[-5,33,-2,0]
[4,53,2,63]
[34,-33,3,-16]
[-57,6,-31,-11]
[26,-7,-5,8]
[-53,22,4,-55]
[59,8,41,-40]
[-14,-16,35,46]
[49,20,-34,-4]
[23,62,26,76]
[-22,-41,-15,90]
[65,-56,-16,12]
[-65,4,10,28]
[12,-45,-31,29]
[39,-4,8,-19]
[-2,-13,9,-28]
[-23,-7,-1,23]
[-62,-25,-40,21]
[-22,-12,18,-54]
[9,-46,-22,-18]
[-50,59,-25,13]
[-35,-19,16,1]
[52,8,18,-9]
[-1,53,40,16]
[41,-31,12,-37]
[18,-9,-17,-24]
[14,-14,-29,-20]
[30,-33,6,-25]
[-9,-2,-18,36]
[14,-30,-17,15]
[-49,27,-31,11]
[28,-4,21,45]
[15,-42,26,-1]
[70,-38,-74,-34]
[25,0,-45,-60]
[-29,5,9,-37]
[-4,23,31,-13]
[-18,-79,-37,19]
[-21,33,24,-41]
[3,42,18,-31]
[16,41,54,30]
[31,24,67,-35]
[35,18,-30,22]
[36,39,-18,10]
[-23,-29,-27,-4]
[3,-35,-22,-27]
[-52,-13,-29,29]
[35,-47,-19,41]
[14,-8,-14,16]
[31,-3,-53,-52]
[-16,10,-51,20]
[8,-74,-25,39]
[-6,6,5,-53]
[27,-39,-40,-66]
[-41,-8,-13,-2]
[-5,25,8,-69]
[-9,-55,-38,13]
[16,42,37,-41]
[34,-51,7,-17]
[-21,42,-18,-28]
[-42,-2,-21,8]
[-49,50,15,14]
[21,-1,87,14]
[-13,47,50,15]
[38,-23,-16,-38]
[-88,33,27,47]
[43,29,11,35]
[-25,1,25,32]
[-11,-34,-20,1]
[18,30,7,8]
[-18,22,-18,25]
[-4,7,43,-10]
[69,-34,-28,-3]
[-35,19,-5,-11]
[8,-66,-58,-1]
[78,-3,-34,-3]
[36,-37,-19,-24]
[-45,0,-34,-57]
[54,-49,-31,-78]
[-23,25,16,-23]
[-3,-16,-52,-17]
[5,15,-3,-37]
[53,-31,8,-41]
[0,-20,24,-15]
[11,4,-35,1]
[-17,44,4,19]
[-7,-31,4,7]
[-7,-60,-16,-4]
[-39,100,30,-36]
[23,-45,-21,28]
[3,15,7,99]
[39,-17,-2,49]
[28,15,-13,-18]
[-34,-45,-17,30]
[15,-38,-42,19]
[-8,-13,-36,32]
[28,-10,-11,-36]
[-42,-19,-65,37]
[13,-7,6,-35]
[3,-1,0,-54]
[22,-15,-20,-18]
[1,3,12,25]
[11,13,15,-25]
[-1,-44,13,-25]
[26,57,30,-1]
[-2,-1,11,23]
[-25,-15,-70,-45]
[0,-43,-92,12]
[6,-20,25,-33]
[-17,-17,-20,-41]
[-8,-20,38,-6]
[20,35,-8,3]
[-85,-8,41,40]
[47,-17,-43,-38]
[-27,23,15,32]
[22,8,-1,8]
[3,17,7,63]
[3,-57,21,-11]
[33,-10,1,-16]
[-42,44,34,30]
[22,-40,5,-23]
[-7,-56,-42,-20]
[35,87,9,-38]
[25,-8,19,7]
[7,21,-12,-66]
[11,11,-40,-33]
[21,2,-6,-24]
[-40,-17,-53,11]
[4,4,-12,-52]
[-36,37,-8,28]
[-4,-3,46,23]
[-7,9,68,-18]
[-12,-15,11,43]
[4,-40,23,14]
[28,-57,-19,-56]
[-33,24,-22,2]
[76,-24,-32,2]
[-28,-8,-74,42]
[4,-5,20,-40]
[-10,-75,26,-19]
[-25,-2,-57,29]
[-26,-18,-28,48]
[25,-59,-27,-15]
[37,3,-13,7]
[-6,-16,-41,17]
[-15,-47,-11,-26]
[20,3,-37,-28]
[3,1,-17,-15]
[-24,2,40,-51]
[-24,-14,6,0]
[34,-8,34,34]
[1,-21,-8,-60]
[-31,22,-45,-29]
[-27,-9,28,44]
[18,-35,-6,-70]
[-3,-2,-35,-35]
[-16,41,6,-12]
[12,-48,-24,47]
[-12,23,9,37]
[20,-33,7,8]
[-66,47,25,31]
[57,6,24,-33]
[-73,4,50,90]
[25,-19,-2,15]
[-20,16,18,-5]
[-21,-8,-3,6]
[22,-7,36,1]
[-38,20,7,12]
[14,20,-28,-12]
[2,12,22,18]
[26,23,31,9]
[-77,9,-24,62]
[74,16,5,-71]
[-70,33,10,2]
[43,-50,-12,-14]
[-34,48,33,-4]
[80,-1,-5,-32]
[-5,-22,18,47]
[-17,7,-9,8]
[-37,13,-25,34]
[41,4,-10,-9]
[3,-53,26,31]
[-57,28,-20,12]
[68,-17,12,-39]
[8,13,8,-8]
[-4,-44,38,12]
[-49,55,-26,27]
[29,14,59,-17]
[-38,-20,2,33]
[2,71,25,-36]
[-17,20,-3,113]
[51,25,76,38]
[-31,-9,-2,30]
[25,6,-21,-45]
[-31,-21,-32,-8]
[10,-27,-72,14]
[5,-5,-3,-30]
[-7,-25,-17,-9]
[40,-43,-18,67]
[2,14,-2,2]
[25,7,-20,-60]
[1,-50,-28,33]
[25,16,5,-21]
[7,-30,-32,2]
[-17,5,6,-63]
[6,9,15,-13]
[-23,6,49,38]
[2,-27,12,12]
[66,39,-4,-25]
[19,72,33,47]
[15,-16,45,19]
[-3,-6,15,-71]
[31,-107,-53,19]
[8,8,-27,1]
[4,-91,-87,6]
[-15,27,-1,-58]
[-45,21,-25,25]
[-7,8,-8,19]
[10,-2,-12,43]
[5,13,26,42]
[-34,-11,-48,37]
[27,-35,-29,-28]
[47,9,-5,-40]
[-29,-13,-19,9]
[-4,1,-52,43]
[8,30,46,-21]
[12,-46,-42,-9]
[-9,1,-40,37]
[-35,50,-31,-39]
[18,-7,24,-23]
[3,-8,32,58]
[-16,0,-1,-27]
[2,-11,1,-27]
[6,5,35,-7]
[21,-19,-35,43]
[-60,48,32,32]
[19,-13,1,-16]
[29,-11,23,20]
[-6,-5,-49,-11]
[-91,5,-26,-27]
[-20,33,64,-57]
[81,-6,63,38]
[-24,-12,23,21]
[-1,-17,-3,-76]
[35,-23,-18,10]
[20,39,16,-1]
[-62,20,-34,103]
[88,-38,-14,87]
[-14,-10,18,25]
[8,-46,-30,-64]
[30,48,-10,-20]
[-4,3,13,19]
[47,5,-7,-16]
[-66,5,-18,57]
[52,-25,-9,-23]
[-35,-3,42,34]
[87,-18,-14,-7]
[56,24,55,-5]
[20,-31,-43,32]
[-2,-5,-29,-7]
[-43,1,-6,-5]
[44,-17,28,-47]
[-45,19,-2,58]
[12,33,28,37]
[2,-14,-44,30]
[3,32,23,17]
[8,-45,-8,9]
[16,-1,12,-36]
[-17,-42,-33,-22]
[-18,0,-16,11]
[25,-9,23,-4]
[-34,42,57,33]
[1,-54,-30,25]
[1,18,-53,23]
[3,-63,-27,26]
[50,-19,-38,-35]
[30,-44,-43,-40]
[8,15,42,-70]
[16,-29,-7,-66]
[78,7,19,-29]
[-38,5,-30,26]
[-5,2,-16,-7]
[23,27,41,-63]
[19,-9,0,11]
[-41,45,14,4]
[-22,35,42,-8]
[-4,-24,4,-13]
[-4,18,21,-50]
[-13,4,47,6]
[52,36,27,-65]
[49,-11,-46,61]
[-20,37,21,51]
[14,-57,-38,-33]
[2,20,4,-24]
[-24,-14,-39,7]
[12,11,-15,12]
[9,-46,42,-22]
[7,54,2,-45]
[-57,64,30,11]
[44,10,15,33]
[-47,39,56,69]
[25,7,16,19]
[-37,18,15,39]
[17,24,3,-66]
[-19,22,18,-32]
[-4,99,53,-11]
[-19,-13,48,-32]
[-14,36,-12,8]
[9,-54,-28,38]
[0,-7,-17,-23]
[-42,-11,-73,-54]
[12,12,4,-29]
[-21,5,38,55]
[36,24,-13,29]
[-25,-77,13,47]
[25,25,-53,0]
[-37,-16,8,22]
[49,-11,5,-78]
[-52,-21,18,17]
[40,-33,-1,31]
[-49,-5,-35,38]
[48,-81,-78,-95]
[-20,-8,-38,-26]
[18,-27,-15,-55]
[-4,-8,19,-17]
[4,12,-71,19]
[32,-14,30,-45]
[4,0,39,-26]
[20,13,-10,46]
[-6,-15,33,50]
[-21,-30,-64,17]
[38,-18,-30,-29]
[-1,-13,16,-11]
[-30,-6,5,42]
[-31,-5,-22,19]
[-2,-52,-93,25]
[-8,-10,36,20]
[59,-65,-27,-15]
[-31,-1,-18,-29]
[13,11,-36,-63]
[-18,-14,-58,53]
[-40,67,-9,34]
[30,-9,58,16]
[0,-56,17,40]
[-14,23,-31,-35]
[17,1,25,-16]
[-87,-16,-18,61]
[43,-3,-17,26]
[17,-15,15,12]
[-63,-14,30,-28]
[66,-59,-87,-39]
[-12,47,66,-17]
[5,16,-49,4]
[-13,-6,28,9]
[-29,35,-4,-21]
[-17,-13,3,31]
[-22,4,-16,-30]
[19,24,38,1]
[-19,-28,30,27]
[-7,53,81,-16]
[13,17,39,30]
[13,23,2,-5]
[-25,-2,12,9]
[8,9,-5,18]
[47,14,5,-28]
[-45,-17,8,32]
[-13,-7,-60,1]
[0,55,65,-40]
[-1,-42,1,21]
[57,-7,-34,42]
[-46,16,-27,55]
[50,-66,-27,-1]
[-30,64,51,-21]
[44,-49,36,-11]
[12,48,45,21]
[8,28,12,5]
[5,22,13,69]
[20,10,28,2]
[-36,12,6,-14]
[21,33,-3,22]
[-19,-4,43,27]
[-6,-18,-44,-35]
[11,-14,-21,38]
[2,8,-17,30]
[44,-46,10,-10]
[-39,23,-46,32]
[39,-82,-21,65]
[33,-14,17,-12]
[-32,-73,-10,-51]
[-13,-15,-43,-53]
[-22,6,14,-43]
[6,-74,-21,22]
[38,20,-24,9]
[30,-17,-22,-32]
[22,-33,32,39]
[12,44,-6,-1]
[28,-64,-24,20]
[-4,-1,-27,-14]
[-80,48,11,44]
[17,-3,55,-40]
[-30,-23,20,35]
[37,44,46,-11]
[49,-28,-5,54]
[-2,67,44,-21]
[-17,-81,-7,-5]
[25,0,2,-8]
[2,8,-15,-15]
[-10,-2,21,-15]
[43,-13,-56,26]
[22,-9,-63,-10]
[-56,-22,1,33]
[59,-53,23,-20]
[-31,17,9,-8]
[27,2,-18,-17]
[-21,37,70,9]
[42,-14,5,18]
[-50,14,-12,14]
[29,-76,18,-86]
[-51,1,-21,-32]
[29,-1,-31,0]
[-45,-20,7,47]
[-27,6,8,-17]
[48,3,5,-67]
[-16,-9,-19,27]
[-42,56,34,3]
[27,6,-10,57]
[-12,-10,-56,99]
[16,-32,11,-50]
[7,15,-21,-16]
[-21,1,37,23]
[40,8,6,-3]
[1,-39,-14,38]
[-29,-6,-21,-72]
[31,-4,-48,-28]
[-23,-14,17,20]
[28,-8,18,-43]
[-42,-50,-27,4]
[19,29,40,-54]
[59,-32,26,57]
[6,-34,-59,-1]
[3,84,-17,-81]
[-29,-41,23,-3]
[36,30,-21,-13]
[-66,-15,-1,64]
[5,22,-18,-16]
[-22,23,50,-41]
[-9,-30,-52,41]
[-12,74,26,-12]
[70,-37,15,32]
[-42,28,-13,60]
[14,-52,-7,-47]
[7,-8,8,-22]
[-8,-9,1,-26]
[-30,10,-27,-21]
[63,15,-33,14]
[6,-2,37,5]
[31,-56,-53,-53]
[-11,45,-10,-55]
[12,-5,-4,14]
[2,-40,-28,29]
[-1,39,-8,-45]
[-26,-17,-42,-35]
[49,-28,-9,-15]
[-39,-4,-42,49]
[20,-37,-22,-24]
[-43,44,-14,-10]
[23,-35,-30,-18]
[-39,17,5,5]
[13,-8,0,-73]
[-23,-41,19,-51]
[8,-31,-86,22]
[42,50,-39,38]
[21,-42,-20,-9]
[17,-31,-84,-48]
[41,-43,-10,13]
[-3,35,-3,14]
[13,18,-21,9]
[36,-72,-76,31]
[-59,46,-6,-14]
[29,-84,-75,-61]
[5,-11,-15,-29]
[-5,-44,-26,-23]
[-7,-46,6,-11]
[-4,-26,-23,-1]
[-26,-4,22,-16]
[6,-10,-31,-65]
[-48,55,-28,8]
[14,-3,-2,23]
[36,7,-36,8]
[-25,6,1,18]
[-1,19,-26,-30]
[13,-11,0,75]
[25,6,25,26]
[46,-14,22,-15]
[44,21,-31,-15]
[29,-60,-32,38]
[-29,41,-2,-23]
[-1,-53,-58,-17]
[12,-2,-20,20]
[-24,-73,-69,33]
[39,-11,-8,-36]
[-16,-3,15,-17]
[-4,14,-50,5]
[59,8,12,31]
[12,-44,-48,-41]
[42,6,-15,-59]
[15,-16,-48,23]
[-46,25,-17,-39]
[69,-36,-59,-37]
[-49,-5,24,39]
[29,-24,-63,-22]
[-6,-1,-11,1]
[-26,-58,-12,-11]
[6,-5,-9,-52]
[-4,27,-13,12]
[-71,-27,-42,-29]
[-24,10,-43,-18]
[15,-4,9,-59]
[-36,-53,-5,-46]
[-44,20,-40,48]
[-77,31,-28,24]
[-25,48,0,4]
[9,-10,-1,-6]
[33,20,16,-18]
[0,12,2,-16]
[48,-34,-76,22]
[-25,19,-66,-8]
[2,27,3,-3]
[29,49,10,35]
[1,-54,-5,-12]
[11,-1,-119,44]
[-58,20,2,18]
[-26,21,39,7]
[1,48,26,-21]
[-91,20,63,-4]
[27,50,29,33]
[-48,-18,-11,-16]
[-4,-68,-24,-16]
[-39,-39,-33,-62]
[-3,1,30,-28]
[-22,2,-66,11]
[-41,27,-64,68]
[19,29,-5,38]
[59,-7,-24,-48]
[-5,-4,-25,21]
[66,0,-63,-4]
[-10,25,-7,7]
[13,69,48,21]
[-35,22,29,-1]
[13,-11,-62,22]
[-17,-25,-22,-47]
[-35,-18,49,-33]
[41,20,-16,17]
[-14,-16,-40,-21]
[36,62,16,-11]
[7,5,-57,-29]
[22,17,-35,3]
[-45,12,25,1]
[31,-37,-13,-17]
[-95,-39,-64,-37]
[-50,-19,-22,-20]
[-50,-18,-11,-35]
[-49,49,50,-5]
[-19,-30,51,-18]
[-37,-44,-35,-24]
[43,2,-11,3]
[45,-29,-10,-66]
[-12,7,-27,24]
[7,15,-18,-16]
[-42,62,13,49]
[-43,-50,-30,-6]
[-14,-63,-48,-49]
[-16,66,9,-4]
[-13,20,15,38]
[-12,-8,-52,26]
[-31,-35,13,19]
[-88,-16,-55,-6]
[7,35,46,6]
[43,45,-36,-40]
[41,23,-64,14]
[-19,-21,3,-21]
[-40,-4,29,-20]
[11,21,7,-49]
[-18,-12,-11,-14]
[36,28,11,80]
[28,70,-43,17]
[29,-36,27,21]
[-14,-37,-61,0]
[30,-28,-84,34]
[18,-8,-55,-1]
[9,28,-13,15]
[-25,-48,32,-51]
[3,-1,13,-37]
[-47,-27,-72,4]
[59,1,-37,-25]
[1,52,16,-2]
[22,-49,10,-10]
[7,43,-84,-6]
[12,15,-4,-2]
[36,-6,-17,-2]
[-10,23,7,-53]
[-26,16,29,-2]
[15,-29,-48,25]
[2,23,-55,-44]
[22,-7,-12,-25]
[-40,-83,-35,-14]
[-61,-37,-50,-34]
[14,25,9,23]
[34,4,-15,-43]
[22,9,-38,0]
[-24,17,6,-22]
[9,53,-10,10]
[14,92,-21,21]
[-3,-25,8,-21]
[-21,-31,-58,-40]
[-43,-4,42,-11]
[11,-3,-26,-52]
[-112,-3,-53,3]
[6,29,30,-17]
[-2,-44,30,6]
[-25,-14,23,20]
[-63,-6,-3,9]
[43,11,-26,48]
[-37,-5,-33,-94]
[13,19,20,27]
[34,-10,-12,27]
[-24,3,-44,-16]
[39,35,-4,-2]
[11,15,-72,3]
[45,-11,-23,20]
[30,52,-22,-24]
[56,31,-33,-2]
[15,-2,-40,-42]
[14,38,28,-7]
[18,44,-57,32]
[-24,26,-44,-12]
[-83,0,-42,-39]
[1,-11,-38,44]
[-45,11,52,-85]
[-73,18,1,-11]
[-25,24,-31,16]
[1,-14,-28,-7]
[6,-1,-7,-65]
[-23,54,10,-27]
[-6,30,-6,29]
[-26,65,43,9]
[-12,43,16,55]
[14,-35,-56,-18]
[-66,37,17,52]
[-38,-4,-49,33]
[1,3,-6,-46]
[-29,30,-39,-27]
[62,42,13,16]
[42,62,19,16]
[-66,-1,-26,62]
[-20,-13,-55,-60]
[17,27,-32,20]
[68,9,-61,25]
[11,2,-63,-42]
[32,10,-25,-15]
[4,51,28,-16]
[70,46,5,18]
[5,1,-47,42]
[-20,18,8,3]
[14,-4,-13,11]
[8,25,-58,52]
[8,16,-43,-2]
[12,54,14,-8]
[26,31,40,2]
[25,58,-19,7]
[7,-53,-13,-4]
[7,14,-16,7]
[-60,10,25,41]
[30,33,-12,-7]
[-9,28,-26,-1]
[69,6,16,-53]
[-33,94,-4,-13]
[-11,-35,43,-27]
[-14,-30,-56,-6]
[18,58,-50,-13]
[3,15,27,-14]
[-1,37,-30,-6]
[-27,51,-29,42]
[76,-20,27,-16]
[18,21,-68,-65]
[-60,6,-5,22]
[52,23,0,30]
[14,-2,-51,13]
[-45,28,-40,-4]
[8,13,8,10]
[-18,7,-28,36]
[38,34,-22,49]
[11,24,-17,-55]
[-1,44,8,61]
[27,16,-34,-30]
[-86,-1,-40,-58]
[-11,14,41,-33]
[45,55,-3,15]
[3,-21,42,-30]
[-4,-17,-11,-17]
[-69,-38,-56,21]
[-1,0,-3,-36]
[-62,-26,-18,-61]
[-30,10,35,-36]
[16,33,5,-42]
[-36,2,38,2]
[31,17,-3,-13]
[-20,-10,-56,-11]
[35,24,-16,7]
[24,41,9,-43]
[-53,-16,27,-9]
[13,-14,-42,-8]
[-32,-6,-62,-52]
[56,72,43,4]
[-1,-1,23,-1]
[-74,-44,-38,40]
[60,-16,1,48]
[-9,-35,-72,-97]
[-67,-7,-25,29]
[-32,9,37,-12]
[-44,-36,6,-37]
[-34,23,-15,26]
[20,34,-4,21]
[-32,19,-14,60]
[36,56,23,35]
[41,-26,-6,5]
[-65,13,25,-9]
[-37,-5,0,-22]
[-3,13,8,-15]
[-37,-14,-18,30]
[-45,16,-64,12]
[40,8,41,70]
[-54,-36,-33,-35]
[-50,28,-4,18]
[19,42,-33,-13]
[20,-10,-27,-29]
[-7,45,27,-58]
[-9,10,-20,-28]
[22,44,-51,46]
[25,27,38,-13]
[-2,-3,-6,13]
[51,3,18,-52]
[-25,2,-1,-1]
[-11,-12,17,44]
[-16,-35,-2,-54]
[-10,-52,-31,-53]
[-5,19,-49,16]
[-15,19,-59,49]
[-80,-10,-2,-14]
[-68,43,-21,31]
[29,10,-11,8]
[-79,-39,-7,-77]
[-44,6,12,12]
[-23,49,-13,-35]
[-37,39,-23,6]
[-32,-6,50,-39]
[-28,7,-45,-35]
[13,47,-73,37]
[-36,-4,-32,20]
[62,-3,-34,-30]
[-48,16,9,-13]
[-60,28,63,-12]
[-79,-33,-38,-41]
[65,18,38,14]
[-24,27,-19,-78]
[21,18,18,15]
[0,-2,-13,28]
[6,46,-62,-5]
[-68,-1,-25,-35]
[5,17,41,3]
[22,81,11,-3]
[-22,27,-38,79]
[68,-28,-52,20]
[-23,-3,-99,-12]
[37,50,20,32]
[35,23,-3,8]
[-54,2,-86,42]
[-25,-4,53,24]
[-16,-53,-26,5]
[-41,-7,-65,58]
[4,31,57,-35]
[-74,12,30,-25]
[20,48,19,59]
[32,-23,-13,-24]
[15,5,28,-14]
[30,46,-30,-13]
[-2,8,-13,14]
[49,-25,-66,-3]
[-6,22,-36,-3]
[-32,39,89,20]
[19,-36,18,-15]
[28,41,-77,23]
[-41,-7,-49,9]
[77,72,33,28]
[-1,23,26,-64]
[6,-38,13,-18]
[-42,-71,-37,-22]
[-11,12,-21,-14]
[-39,-1,12,-54]
[-38,10,53,1]
[51,-15,-56,0]
[-42,-1,-53,-64]
[36,40,-21,38]
[20,27,-72,29]
[41,53,55,21]
[10,-14,-17,17]
[8,-26,-28,-49]
[-23,9,-10,41]
[-68,-41,-34,-33]
[-16,-6,9,-12]
[-62,-25,55,-33]
[-31,20,-14,7]
[29,15,-29,7]
[-34,-18,-40,-40]
[-44,-16,-2,31]
[-63,-5,-13,-34]
[-32,-24,-4,-27]
[-78,-32,-56,-39]
[30,-2,53,9]
[-61,-31,-23,-1]
[16,-8,14,-29]
[-38,10,16,-49]
[-4,-29,-58,-60]
[63,21,7,14]
[17,21,9,-28]
[-2,-2,-37,15]
[35,41,-111,-8]
[-14,46,21,12]
[5,21,63,13]
[-24,-58,-14,-8]
[-59,-17,-44,10]
[-47,-7,27,16]
[-82,-12,-19,30]
[-87,-20,36,-19]
[-18,-45,30,29]
[-36,-2,-73,8]
[-1,11,-1,-18]
[27,8,-96,31]
[30,-38,-44,-40]
[25,45,7,2]
[-72,-20,-33,15]
[86,-45,-77,26]
[33,15,-43,-68]
[-12,3,42,-66]
[1,-32,-23,1]
[25,0,8,-23]
[-31,-6,-40,28]
[-36,-17,-24,-7]
[-13,-2,-17,74]
[-62,-21,-35,-40]
[-12,55,14,30]
[18,71,-55,65]
[2,8,-34,-60]
[13,40,6,41]
[39,-74,-38,-34]
[52,38,-128,13]
[35,80,-27,-6]
[20,-7,17,-40]
[-21,14,30,-27]
[-43,-2,-58,12]
[-15,-8,1,-44]
[-77,-46,19,8]
[-77,-27,-46,-9]
[-15,-8,1,-15]
[-13,-19,-19,-4]
[74,-7,-44,-2]
[15,-18,-58,51]
[31,32,-70,15]
[-66,3,-1,11]
[-32,5,-17,1]
[-28,-27,-32,-59]
[-7,23,13,-4]
[-16,-4,47,12]
[-1,25,20,65]
[-2,53,-57,23]
[40,-8,-26,23]
[-31,-12,-21,-70]
[-60,-33,29,-41]
[-47,2,-31,-4]
[-44,31,43,-4]
[33,33,-7,67]
[23,0,-26,-8]
[-1,-5,-47,75]
[74,54,-2,18]
[-24,1,-34,-10]
[21,-5,-23,8]
[-29,58,5,-2]
[-59,-1,48,77]
[42,-43,-23,20]
[-37,24,-38,-31]
[-28,16,5,22]
[6,-22,-34,-30]
[12,-17,-49,-36]
[26,-19,5,16]
[38,-13,-29,-12]
[-9,-2,-9,-49]
[-47,-39,-16,4]
[2,-16,-17,22]
[1,33,-26,49]
[-38,3,-14,17]
[-39,16,-34,25]
[13,105,-16,0]
[-43,-11,-19,-1]
[61,4,-40,15]
[-14,-12,-49,17]
[-29,5,-26,-9]
[13,32,21,48]
[-38,11,-6,-3]
[-46,-33,-53,-49]
[-84,-21,-45,-39]
[-25,11,32,-56]
[-56,-72,13,-94]
[-79,-44,18,-30]
[17,-5,88,-33]
[-31,-6,-31,17]
[-53,26,-46,46]
[-49,0,33,-17]
[-50,17,-9,-39]
[-13,27,63,44]
[-16,-1,1,3]
[-2,13,-17,37]
[62,51,11,49]
[-30,-66,16,-1]
[-27,-51,-52,37]
[-3,-14,-38,17]
[-34,30,-65,2]
[-11,16,-16,22]
[-29,-14,-37,-17]
[-16,17,13,-32]
[-50,-67,7,-67]
[-34,-37,-33,-26]
[45,33,18,28]
[-20,11,-11,-90]
[-22,-18,-24,-37]
[-30,-13,-14,-46]
[-60,54,-56,18]
[-3,22,32,-7]
[35,31,13,-30]
[25,1,-23,24]
[-39,-37,-14,-3]
[17,7,3,59]
[-29,-13,-35,1]
[-23,27,-27,-6]
[-42,-7,-1,-2]
[33,18,-96,-6]
[4,16,-27,-15]
[-2,-6,74,-14]
[4,-20,22,25]
[-14,9,12,-28]
[-99,-7,-33,-47]
[-14,19,-38,33]
[46,5,18,-27]
[-18,5,-25,-48]
[-64,-32,-46,50]
[26,33,-73,14]
[-42,10,15,27]
[44,29,-30,34]
[23,19,-21,7]
[-18,36,-31,26]
[-66,37,-8,1]
[-47,16,1,-5]
[32,9,15,17]
[21,-10,-2,36]
[-27,-18,-59,54]
[29,11,-7,7]
[17,19,-41,35]
[-9,-35,32,-20]
[-23,28,13,31]
[5,21,0,-12]
[-49,-66,-7,-44]
[-20,-10,-10,-6]
[21,10,-9,-9]
[35,-17,-40,3]
[20,-5,-53,10]
[59,42,-30,-31]
[-16,14,25,-14]
[-71,-32,7,15]
[19,51,-38,2]
[15,54,-61,19]
[26,-24,-74,-7]
[6,-9,-80,-12]
[-4,74,-7,4]
[52,18,-9,39]
[-18,0,-98,-6]
[-64,9,43,-20]
[-38,7,0,-32]
[-7,35,-3,34]
[17,0,-41,17]
[-26,8,-6,-1]
[-17,-7,-19,28]
[51,-5,-31,-9]
[1,-20,8,-42]
[-67,-45,-3,-73]
[-2,-4,9,10]
[-32,-16,-32,-52]
[-5,-10,9,-8]
[-92,-84,49,-63]
[-13,6,-32,28]
[4,13,-38,-14]
[-19,30,-8,7]
[-11,25,-71,23]
[-17,15,-41,-11]
[8,7,-7,-21]
[-1,19,-35,23]
[-23,2,-9,-2]
[-11,18,1,2]
[-2,7,-36,-60]
[126,65,-68,36]
[58,14,-37,21]
[21,15,30,0]
[-35,21,13,14]
[-1,-1,15,-3]
[-4,35,18,26]
[21,-24,27,-50]
[-17,38,-5,95]
[13,-40,-28,27]
[23,-4,-51,-8]
[-20,9,0,-4]
[-18,-71,16,-32]
[-66,8,-43,-7]
[1,4,63,-9]
[-25,-25,-15,-18]
[-21,-31,-66,36]
[-30,70,-55,64]
[-33,-16,-104,2]
[-11,32,-42,57]
[-32,-3,-41,-8]
[-25,46,-66,-12]
[-28,17,-16,-14]
[16,27,-12,-13]
[-3,-1,-54,15]
[-31,-16,-2,-5]
[4,38,35,-4]
[9,30,-5,-24]
[-38,-47,6,-7]
[33,51,-12,42]
[-27,37,-29,-26]
[-46,10,-41,-20]
[-2,-3,3,2]
[-36,37,-13,17]
[-72,29,29,-57]
[10,-4,31,8]
[-50,1,-15,-4]
[-69,-4,-6,19]
[-16,-6,-34,-19]
[-43,-37,-35,-64]
[-13,-2,-21,4]
[-22,48,-33,43]
[-27,12,-31,65]
[18,-2,-16,29]
[41,61,-3,51]
[-84,9,-13,-24]
[-17,-40,-46,29]
[66,1,-19,2]
[40,-13,-67,49]
[-6,1,-53,1]
[-27,24,-33,5]
[25,21,-12,-28]
[7,9,40,-35]
[-74,-36,11,-58]
[-44,34,25,-36]
[-96,-40,34,-21]
[-6,30,16,50]
[-38,0,53,-29]
[-70,-14,3,-3]
[16,2,24,-8]
[-17,-46,-28,-11]
[-25,-7,-30,3]
[5,35,24,-23]
[-15,12,4,4]
[-17,-35,-7,33]
[-6,56,15,28]
[-19,-61,-46,-32]
[1,0,-57,20]
[35,-11,-51,20]
[5,56,1,-40]
[-81,-2,15,28]
[-14,-14,-71,-12]
[-84,-14,3,-43]
[-11,21,39,-27]
[4,-6,15,51]
[29,-39,-77,24]
[41,41,-17,14]
[-28,25,53,21]
[8,-1,-35,77]
[-31,-47,-13,-50]
[-53,20,-1,-25]
[-45,3,31,32]
[20,49,29,-53]
[-74,-9,5,-41]
[38,5,32,7]
[-32,-56,-48,-22]
[-45,-24,23,-39]
[-37,2,-29,-22]
[23,70,-40,12]
[17,42,-8,-31]
[1,-30,-16,13]
[-6,2,-5,-18]
[7,20,-14,18]
[-43,-16,-2,-69]
[-52,-35,-9,-15]
[35,17,-66,19]
[26,-4,-52,-34]
[-6,13,-38,-11]
[-27,43,-13,-7]
[0,37,44,32]
[41,1,-37,-15]
[16,-12,35,-31]
[-83,-47,-26,-10]
[-60,-27,-50,59]
[-35,-10,-117,-25]
[-53,24,-4,-54]
[28,26,7,15]
[-2,-39,-41,-51]
[-12,2,-23,4]
[-103,11,45,-9]
[-18,37,37,42]
[10,6,5,-29]
[54,22,-35,52]
[44,-41,-48,30]
[3,5,8,-35]
[15,-13,-6,-27]
[-13,2,-48,-10]
[-17,3,-18,2]
[62,35,-11,-34]
[-39,26,32,12]
[6,14,-14,-2]
[-3,12,-15,-20]
[0,10,-17,38]
[8,-8,-48,67]
[38,-18,-75,28]
[-48,-22,-11,-74]
[-11,46,2,31]
[-45,20,31,-22]
[7,0,-2,-21]
[-11,4,-2,-3]
[53,20,17,30]
[-16,23,2,34]
[-35,-56,-43,-49]
[-12,-25,-70,17]
[24,13,0,7]
[12,32,29,35]
[-28,48,20,3]
[-28,19,27,23]
[-2,46,-49,41]
[-63,-20,-39,6]
[41,-6,-28,-18]
[7,-42,-48,-42]
[-48,-74,-15,-36]
[-54,-50,6,-89]
[-62,-2,3,20]
[21,51,-60,22]
[-40,-40,-31,-30]
[-17,25,-28,-32]
[-41,-7,23,-10]
[13,-17,8,-44]
[9,-1,-44,-45]
[-64,-8,-18,-2]
[9,-17,-32,-88]
[-78,-60,-49,-69]
[22,36,46,-15]
[-68,16,47,16]
[-8,-20,-6,26]
[-3,-9,16,-40]
[-78,5,-18,-10]
[-10,-24,-11,7]
[-32,-32,-40,-10]
[-23,-11,-61,15]
[-39,35,-41,-3]
[-26,68,6,-20]
[-81,-12,36,-40]
[-80,-2,17,-10]
[-43,18,9,-5]
[-15,-26,-26,-35]
[41,1,-49,-80]
[10,3,-12,-68]
[-20,-24,1,-16]
[-14,-21,4,-4]
[-2,48,-5,15]
[-22,0,-20,7]
[-28,-33,-44,3]
[52,13,-31,-20]
[-73,25,-22,-13]
[8,8,22,14]
[-4,5,-46,-25]
[27,43,23,18]
[46,-2,-5,-13]
[41,-33,-59,39]
[86,56,2,57]
[-79,10,-4,-21]
[19,15,10,56]
[13,-31,-25,-55]
[-16,6,-52,2]
[7,-7,35,-14]
[-55,-1,-58,-58]
[23,-11,15,25]
[-29,-29,-35,-15]
[-91,-46,5,-17]
[-4,51,-7,9]
[40,46,17,29]
[19,4,-9,-18]
[11,-49,16,-7]
[-26,7,-1,-31]
[-41,14,-58,14]
[-34,21,-14,57]
[42,42,-7,65]
[-50,18,-59,41]
[53,19,-11,11]
[25,45,-42,26]
[8,-12,10,-18]
[-58,36,-10,-40]
[-6,29,-5,44]
[23,-9,1,-56]
[-6,-7,4,6]
[6,-8,-29,-12]
[-8,-12,18,-43]
[-34,69,-3,15]
[-46,21,-34,1]
[-1,29,17,36]
[24,-44,-53,-22]
[14,32,-15,14]
[-14,-5,-25,-43]
[43,40,-50,44]
[28,20,-3,27]
[-24,-4,-14,-6]
[-29,27,13,-17]
[-18,-3,-22,0]
[-38,24,-39,-6]
[-20,7,-19,10]
[-8,-32,-52,-59]
[-38,20,23,-59]
[-29,-26,-2,18]
[19,-3,-45,15]
[-13,-3,-8,-47]
[-64,-24,-25,-46]
[16,-35,9,-42]
[24,11,-41,-14]
[-24,7,42,-42]
[-22,52,-5,-8]
[-15,38,29,-19]
[38,35,-70,21]
[31,13,-62,19]
[-4,-5,4,37]
[1,-14,-24,-31]
[-80,25,-24,-44]
[-43,-12,12,31]
[22,16,17,-30]
[14,-28,-26,-27]
[-49,-19,-34,64]
[-33,6,80,-34]
[-7,38,-5,43]
[-30,-2,-67,39]
[-7,41,-26,-8]
[-8,23,-10,11]
[1,-24,-1,-17]
[31,51,-46,62]
[54,61,-39,7]
[67,3,6,6]
[-2,-54,-48,21]
[-20,-43,20,12]
[-75,-6,44,6]
[-24,3,-38,-17]
[-16,-2,24,-29]
[6,-6,27,4]
[13,31,-49,21]
[-65,4,-15,-17]
[10,-17,18,-19]
[-31,15,-41,24]
[14,41,-29,28]
[14,-15,-46,-63]
[-28,10,1,-33]
[-21,-51,-6,-61]
[1,-11,14,-9]
[-22,6,6,35]
[47,-8,-51,26]
[-50,-4,-36,-8]
[13,23,29,7]
[-76,-31,-13,-28]
[-97,-51,-29,-10]
[4,19,-1,26]
[-14,22,-56,10]
[12,-18,-44,-57]
[8,3,-39,5]
[-13,20,-14,12]
[-16,-23,-29,-5]
[-19,4,7,-58]
[66,23,-18,13]
[-8,-39,13,-27]
[-104,4,-30,2]
[-58,21,46,8]
[-22,39,-3,35]
[40,30,-44,21]
[-4,30,-17,-11]
[-20,-6,20,11]
[15,-30,-9,-29]
[-45,33,42,-56]
[-1,71,32,57]
[-18,-80,-29,-64]
[-3,32,-32,2]
[-46,-22,67,23]
[18,1,1,-1]
[-39,-6,3,20]
[-19,-57,-28,-8]
[-47,-13,-44,-28]
[-7,22,26,35]
[-8,-59,-22,-49]
[-8,-10,-18,63]
[7,-2,-41,-11]
[13,50,7,-17]
[-30,-68,3,-12]
[79,10,-56,28]
[-4,4,29,30]
[-103,-30,59,-57]
[-82,-38,-8,14]
[-41,-24,-17,-5]
[-68,-29,-23,-20]
[-48,36,2,-2]
[-45,10,6,23]
[-47,59,15,-21]
[-53,46,9,64]
[30,-30,-15,1]
[-6,31,-16,0]
[-44,-31,16,24]
[42,15,-88,19]
[-65,26,21,21]
[-19,-42,26,23]
[75,-8,-80,-11]
[-66,-7,-56,-25]
[-22,-6,44,5]
[-35,10,6,-22]
[-24,-15,5,-23]
[30,-10,-14,-21]
[-55,14,-19,-45]
[0,1,11,38]
[-34,19,-50,30]
[-48,-4,33,11]
[-56,1,-15,18]
[-6,-16,-25,16]
[-6,2,25,29]
[-103,-31,-87,-85]
[-49,8,-9,9]
[-27,70,45,-31]
[8,-17,7,13]
[4,-20,-64,32]
[25,7,-5,-12]
[-86,-15,28,-1]
[-2,10,3,9]
[4,34,0,6]
[13,-2,-7,21]
[9,-16,-29,-54]
[-16,5,-21,6]
[19,-4,23,-22]
[-32,4,-57,-2]
[-32,3,-13,-4]
[-23,-44,27,-32]
[-64,-43,-34,-36]
[-29,-11,-38,-57]
[-27,38,-41,-45]
[7,21,44,-1]
[19,-9,-1,-52]
[-23,-10,-42,7]
[36,107,-21,44]
[30,44,12,29]
[9,8,-26,-9]
[-39,-35,-8,23]
[15,0,-2,12]
[-61,28,-69,41]
[30,-17,12,2]
[26,19,-3,4]
[9,45,-26,44]
[64,-2,-29,-10]
[36,39,1,-13]
[-16,-5,-8,21]
[26,16,-57,-22]
[22,0,2,63]
[25,-35,-23,-82]
[-29,29,-1,7]
[20,-35,-56,-37]
[33,-5,-14,-40]
[8,32,-14,6]
[28,30,-43,38]
[29,50,13,10]
[15,12,22,36]
[-55,-17,18,-29]
[58,9,-16,60]
[5,-41,-55,10]
[38,51,-40,46]
[56,47,33,33]
[-21,-8,-12,-37]
[-19,35,-20,42]
[-32,-13,-32,-33]
[32,-6,-29,15]
[35,-26,-25,-32]
[-4,-7,-34,-24]
[-26,20,-23,-41]
[7,-30,-13,-20]
[21,-15,-56,-67]
[-73,60,2,36]
[59,-8,23,-15]
[4,31,-5,-34]
[-17,20,17,46]
[-24,-53,58,-19]
[-31,-31,-65,-44]
[76,-28,-22,27]
[6,7,-48,1]
[36,-27,-12,46]
[37,-30,-90,20]
[-37,38,-60,-33]
[-17,33,43,36]
[1,9,-20,-21]
[-44,22,-25,-24]
[-58,2,-12,41]
[25,36,-10,22]
[-68,13,36,-37]
[52,1,37,-33]
[-26,-31,-33,53]
[50,-3,33,52]
[-33,11,-3,53]
[-1,-50,29,-25]
[10,24,-1,-11]
[-24,-10,-23,10]
[12,15,34,48]
[-23,4,29,-4]
[34,45,-10,31]
[-16,-26,68,-56]
[-5,-82,-29,49]
[-10,8,39,-19]
[-53,-10,9,-17]
[-36,-2,23,-34]
[-78,0,-34,19]
[7,-89,-47,23]
[-9,-16,58,13]
[-33,57,-18,-12]
[-8,-27,-93,18]
[45,-31,30,17]
[48,13,-19,38]
[-38,-5,12,32]
[45,-57,24,15]
[45,22,-26,5]
[-60,-27,-50,12]
[4,-64,-13,25]
[-10,-25,8,35]
[-34,37,100,-9]
[-8,-11,48,16]
[39,-5,-9,-19]
[-56,6,58,-65]
[-26,-14,23,-28]
[-6,-4,79,-8]
[-33,-23,18,27]
[15,-35,-31,82]
[-9,6,-7,-28]
[5,-3,-7,-60]
[71,-25,-5,27]
[-17,-20,-18,53]
[53,-7,73,-20]
[-55,-16,-7,-21]
[-5,-77,12,58]
[31,6,3,-23]
[29,-21,-22,63]
[54,-4,46,-58]
[-53,27,-6,-16]
[1,2,-11,72]
[83,39,-5,-4]
[-6,3,-21,0]
[45,-24,-13,-23]
[-2,28,-12,0]
[4,-69,62,-15]
[21,-16,56,18]
[17,-41,30,-12]
[-74,19,-30,28]
[-18,-73,33,9]
[9,-7,-11,55]
[70,10,-19,32]
[21,-7,43,-14]
[-22,-60,-63,-39]
[30,-34,-32,18]
[38,-22,-15,-24]
[44,24,0,28]
[30,33,18,-7]
[-45,-32,11,5]
[24,-48,44,-9]
[24,29,30,-4]
[-6,32,-41,-40]
[-29,-64,-39,-37]
[-24,-1,-59,31]
[14,9,53,-66]
[-83,-72,-31,-3]
[43,24,-10,-38]
[-68,-48,2,-39]
[-13,0,60,-26]
[-24,22,62,21]
[9,-49,49,-12]
[53,9,-45,29]
[8,-57,-20,8]
[12,-10,35,30]
[6,18,34,-27]
[-25,-47,37,-12]
[37,-54,41,16]
[15,-46,-18,34]
[-31,-7,25,35]
[48,10,83,-42]
[30,-25,15,13]
[-41,-13,-56,41]
[51,-15,-50,-50]
[1,-11,10,25]
[-34,-81,-14,5]
[44,9,-29,-36]
[-33,12,-61,30]
[1,28,27,-47]
[-9,-74,37,21]
[9,-7,13,23]
[10,8,0,40]
[20,6,14,17]
[-34,-67,39,19]
[24,-13,-89,44]
[0,-19,48,22]
[56,-59,-22,57]
[-29,-10,-45,41]
[-37,27,50,-26]
[-2,-47,3,8]
[19,10,-9,-31]
[29,-26,21,-28]
[11,-28,4,30]
[-53,19,16,-58]
[-13,-48,-10,37]
[-8,-49,-12,34]
[28,-26,29,-26]
[9,-34,26,31]
[32,-33,-11,-11]
[-51,-24,16,15]
[55,5,62,7]
[-21,-43,-1,23]
[7,-55,-1,-20]
[19,-41,-17,10]
[-13,-27,58,38]
[-6,-74,57,41]
[25,-11,8,66]
[-20,-14,9,66]
[53,66,28,-36]
[-14,-1,-8,4]
[19,7,-36,35]
[-17,-31,-2,10]
[28,18,28,-9]
[30,-28,38,2]
[-15,-4,34,23]
[-30,25,-4,15]
[-28,40,20,-68]
[-82,-80,-17,-13]
[33,6,-16,61]
[-1,-36,25,23]
[15,3,-32,66]
[-8,-17,18,-4]
[-11,-12,-1,3]
[27,-39,38,7]
[-60,-12,-55,16]
[24,-8,-36,-5]
[-29,-37,40,23]
[-7,-5,40,55]
[24,-10,9,-43]
[-31,-47,-18,36]
[4,57,1,-21]
[6,-40,12,-47]
[-20,-68,42,-11]
[29,-50,-49,22]
[-9,-28,-15,-16]
[-8,-7,22,-5]
[-14,-34,60,-36]
[-19,29,-5,-18]
[10,6,-8,24]
[-45,28,-38,-55]
[-23,-78,-10,-42]
[36,12,-43,-66]
[-22,-14,25,-31]
[-2,29,23,-36]
[20,-59,-7,19]
[-12,-17,-37,110]
[86,-8,9,-24]
[-33,-17,46,4]
[-2,-10,-31,17]
[19,23,-2,11]
[-36,-52,24,16]
[42,-37,6,7]
[8,-32,-3,61]
[-12,-21,-5,27]
[-1,8,-33,-13]
[-69,-31,32,-25]
[-7,-29,8,38]
[25,-27,-18,54]
[9,5,11,-43]
[-64,-55,-50,-12]
[18,-29,-39,47]
[-12,13,-10,8]
[4,-44,3,-10]
[-12,-27,-6,-31]
[24,-30,-19,46]
[-24,21,-45,1]
[43,1,28,-44]
[14,4,-18,39]
[-21,-24,-68,-43]
[40,-28,-31,7]
[4,-61,20,-5]
[26,21,-26,49]
[-9,-24,-51,-5]
[89,41,45,-2]
[32,-18,28,-61]
[-7,12,-27,13]
[-18,-10,0,3]
[50,-55,54,36]
[3,24,3,12]
[-20,20,4,15]
[8,-28,2,-64]
[31,4,-24,-10]
[-8,-1,-8,-2]
[30,-18,25,-26]
[-37,-38,-5,-5]
[3,-31,1,1]
[31,37,22,21]
[19,-22,-96,-35]
[-39,-50,25,-38]
[19,34,1,-62]
[-38,-14,-83,7]
[-1,14,-38,20]
[-4,-67,-23,37]
[-7,-57,-11,28]
[-46,9,-16,-23]
[-36,-99,91,8]
[49,44,-61,4]
[-1,-29,-27,16]
[44,-16,-2,2]
[-80,-1,-45,-10]
[-57,31,24,-17]
[-9,-84,52,14]
[7,-6,-21,26]
[-4,-16,10,34]
[69,27,7,34]
[-9,-44,5,13]
[28,60,21,-31]
[-8,-45,-2,-44]
[-34,19,-15,27]
[-36,-43,-9,11]
[2,-32,64,32]
[21,21,-17,-5]
[-28,-45,27,-31]
[37,-35,-36,18]
[48,-46,5,-30]
[-22,-44,-2,15]
[29,-23,-63,31]
[-51,-60,41,-30]
[-48,-45,-53,59]
[80,70,26,51]
[-57,34,46,-2]
[4,-31,-5,-1]
[26,15,-12,35]
[-7,7,-47,33]
[34,11,-6,-19]
[22,-31,6,24]
[34,43,-7,27]
[-32,-24,-17,-16]
[-54,24,7,15]
[-3,-39,32,19]
[13,-15,62,60]
[48,37,-39,0]
[13,-40,30,-42]
[-30,-12,12,65]
[50,26,-16,-27]
[-58,-35,-32,2]
[20,-48,15,11]
[39,33,-35,16]
[-17,-37,-8,-1]
[17,53,35,-16]
[15,12,-36,-2]
[-25,-17,-9,30]
[-16,-81,3,13]
[23,1,-30,-5]
[-55,12,57,-77]
[-32,-47,12,-37]
[-71,-32,-53,14]
[6,-52,26,-57]
[-31,3,-32,32]
[-32,-13,-53,-11]
[14,12,38,-15]
[-10,-11,56,-7]
[-5,-11,-23,39]
[-29,-23,9,76]
[-28,8,24,1]
[-20,38,-5,-11]
[-14,-58,6,-23]
[-29,21,-35,41]
[7,3,60,-34]
[-16,71,-6,-86]
[-47,-52,4,20]
[69,-39,-25,13]
[-2,-76,42,-32]
[24,48,3,55]
[-6,3,55,-60]
[4,-98,12,20]
[58,-39,-43,31]
[18,42,-20,1]
[-66,-10,3,-42]
[56,-1,-37,10]
[10,-21,-58,66]
[-12,-30,-43,-61]
[-63,1,-13,11]
[-70,-30,15,4]
[-10,-37,-3,57]
[6,-4,28,6]
[17,-54,34,-12]
[26,-37,-18,67]
[51,6,-26,-32]
[-12,-3,-6,-27]
[34,24,-21,-13]
[62,-7,1,-47]
[-28,35,-39,29]
[17,-46,26,-49]
[8,-51,-26,39]
[84,-8,-2,37]
[-9,13,0,5]
[-3,21,-6,-27]
[-19,-22,-36,54]
[36,36,-6,16]
[32,-43,34,-30]
[33,0,-10,-13]
[-3,-32,1,14]
[9,-14,-45,34]
[68,-42,62,-38]
[20,-36,51,14]
[24,-31,5,0]
[-69,6,-55,-6]
[-26,25,47,-49]
[-2,-30,-59,-25]
[-5,-11,-42,-87]
[-78,-8,1,8]
[-29,-6,-39,37]
[36,5,29,36]
[-14,4,-28,87]
[60,-15,41,-6]
[-12,3,8,67]
[-59,-23,-4,33]
[10,-48,57,-40]
[-20,-23,-54,31]
[-14,-38,-21,-8]
[22,-25,24,24]
[26,3,34,-2]
[-22,-15,49,-39]
[26,16,14,-60]
[-19,21,-39,-62]
[-47,-3,-12,-43]
[13,-28,46,-71]
[-63,18,-70,81]
[7,-42,34,-39]
[22,17,-12,76]
[-32,7,28,29]
[-9,-31,39,-3]
[-42,17,-16,15]
[-20,-37,20,-1]
[59,-34,16,13]
[-35,-6,7,6]
[-34,-57,-1,2]
[49,-4,-59,30]
[8,-18,59,-12]
[11,-24,14,-6]
[20,-20,-6,18]
[22,80,-4,-13]
[-20,12,18,11]
[-9,19,20,-28]
[20,-59,18,8]
[-47,-19,-23,11]
[-18,-53,15,-18]
[16,-50,57,22]
[-32,28,-32,49]
[-14,-36,28,10]
[0,41,31,-1]
[-13,-11,0,-16]
[-4,-5,35,1]
[30,-19,0,79]
[-7,-54,11,61]
[-17,11,25,-47]
[20,-7,0,-2]
[-10,4,-60,-29]
[-2,10,-13,9]
[-62,11,-62,-8]
[-22,-22,-53,-52]
[-21,-38,47,-4]
[-26,4,-22,54]
[-2,-57,62,1]
[1,-23,-22,7]
[-9,-12,-61,-20]
[-44,-14,8,-55]
[-51,13,8,6]
[35,-30,18,-3]
[3,-13,56,54]
[-31,9,-11,-32]
[-11,-7,-3,-7]
[-38,7,11,9]
[62,-49,70,-23]
[11,-17,-55,-2]
[-18,-88,-5,-68]
[-23,12,-18,2]
[-16,-29,-5,3]
[4,4,0,-38]
[-15,0,30,8]
[15,2,-13,81]
[-38,-30,-22,16]
[19,-13,-35,24]
[-46,-25,-4,36]
[20,-26,-19,-52]
[-27,9,54,71]
[-4,27,61,-42]
[32,-15,-29,34]
[-9,-5,-52,60]
[59,34,20,26]
[18,-6,7,15]
[34,13,14,-33]
[8,54,-25,1]
[23,-87,-12,-9]
[41,-28,-32,39]
[-47,-3,-55,-6]
[4,-13,-53,3]
[34,-16,14,1]
[-36,-3,-26,-7]
[-18,-59,-20,-22]
[0,2,26,-24]
[-65,-34,-25,-20]
[14,-52,-14,-1]
[4,-13,-8,28]
[5,-17,36,3]
[-50,-47,26,12]
[36,-9,5,63]
[21,3,-68,31]
[6,-39,21,-57]
[35,-3,-2,-60]
[-12,41,-22,51]
[17,3,37,-24]
[-2,-28,-34,52]
[5,-62,31,24]
[47,27,-50,33]
[-114,17,-46,42]
[66,4,79,-28]
[-39,-20,21,-55]
[-69,17,-1,-42]
[-12,-8,42,5]
[25,-11,59,-6]
[-8,-8,8,64]
[42,-34,11,22]
[-5,-13,-27,24]
[-44,-22,-3,12]
[-1,-8,31,-62]
[23,-48,45,13]
[44,-24,-90,57]
[50,-41,-41,4]
[3,-12,-17,34]
[10,7,22,42]
[21,-23,1,-43]
[-93,-23,-35,15]
[5,-36,-5,28]
[-50,-27,15,1]
[0,4,42,40]
[10,-35,-12,2]
[-75,15,-22,3]
[10,-52,24,-42]
[-16,44,8,24]
[-25,27,-55,-20]
[-30,0,26,-40]
[-12,-54,11,-44]
[-6,-25,14,-17]
[-20,3,-64,-56]
[-42,-52,-23,-5]
[79,-22,12,-13]
[19,12,-16,18]
[-20,-46,24,-33]
[32,26,-48,6]
[-10,18,6,-40]
[-47,-25,26,1]
[14,-27,20,-46]
[-30,6,29,23]
[3,-91,30,37]
[63,-43,32,48]
[80,1,-15,37]
[-43,-2,-31,58]
[-52,-78,47,-47]
[0,-10,-7,38]
[5,-11,13,21]
[-18,-45,44,26]
[-21,-30,19,20]
[32,-13,-5,2]
[12,-6,-37,-1]
[-12,12,-14,-8]
[-12,-44,-42,-7]
[-5,-58,-52,8]
[-21,19,15,19]
[52,-22,53,4]
[16,-16,-50,-6]
[17,-30,-47,-6]
[16,4,18,-50]
[74,-24,-52,7]
[8,-62,-3,-31]
[-5,-19,-17,-56]
[43,1,-53,34]
[7,-28,10,17]
[-28,1,36,-11]
[-31,18,-37,48]
[-22,-13,-6,43]
[14,-29,48,16]
[9,51,-2,6]
[-2,-15,16,-19]
[-25,5,30,-19]
[-3,-1,12,-19]
[-20,-18,-44,45]
[-76,-75,20,-39]
[30,-14,21,-37]
[-49,29,17,-47]
[-13,-7,-61,-24]
[-30,26,-40,-65]
[-24,-54,28,-36]
[-27,0,-33,-35]
[-21,-32,-35,-14]
[22,-20,-25,48]
[42,-24,60,-54]
[-32,-9,-55,-9]
[24,-4,-30,-21]
[-21,28,33,-17]
[-1,-14,18,-61]
[-43,-87,-15,33]
[5,15,-25,99]
[-14,-63,-21,-30]
[-54,-48,7,35]
[20,-20,60,35]
[-21,35,-25,35]
[-22,-23,23,2]
[-13,29,-35,48]
[-25,7,27,-12]
[-38,29,37,-37]
[-6,39,-13,17]
[-28,-14,-6,11]
[-36,-43,-1,-33]
[49,-13,-29,36]
[9,-13,16,47]
[12,-37,-16,-4]
[16,-59,28,43]
[-3,43,-49,54]
[-1,-17,-32,23]
[10,-38,8,-1]
[3,0,-44,43]
[25,-66,4,52]
[36,-11,-36,112]
[8,17,3,-25]
[-61,-15,-30,-2]
[-2,-41,-36,27]
[-30,-22,26,-6]
[-69,10,-14,7]
[6,-16,3,67]
[23,-23,23,-53]
[-35,-34,7,-3]
[-60,5,-19,29]
[-64,-98,77,-20]
[-9,0,-44,45]
[5,-11,17,1]
[-16,20,86,3]
[36,-18,36,-25]
[1,39,-20,10]
[14,6,-31,-37]
[-8,5,-16,37]
[33,40,-4,-15]
[-2,-29,1,11]
[65,-47,38,20]
[-17,63,-93,27]
[-32,-20,15,-66]
[25,-4,46,-72]
[-16,8,-59,22]
[5,-25,-33,-15]
[-16,-41,40,-35]
[40,41,-29,-13]
[-32,-70,35,29]
[27,39,2,-17]
[-71,-29,66,12]
[31,-5,39,-19]
[-72,-6,-10,53]
[24,6,-37,33]
[-2,-18,-27,1]
[20,8,-20,-8]
[-49,-14,-97,33]
[13,-40,81,-24]
[19,-7,18,-46]
[-33,11,-30,19]
[2,-84,28,22]
[13,23,28,-21]
[-6,-2,-54,-51]
[26,-6,62,18]
[67,85,-16,-4]
[-26,-11,33,-75]
[-6,49,-5,-8]
[-2,-48,14,-13]
[52,41,-43,3]
[43,-31,24,-10]
[-12,20,-10,33]
[-35,-24,-22,34]
[-22,-91,54,10]
[57,50,15,35]
[-36,3,-5,15]
[7,-46,-42,-24]
[19,-7,-18,43]
[11,48,-2,28]
[-16,-52,44,-40]
[-18,2,14,24]
[27,-23,36,-24]
[0,47,-10,43]
[-46,-15,39,-23]
[5,13,27,-41]
[5,-64,-5,-19]
[51,-17,-44,54]
[-26,2,-35,60]
[24,1,43,22]
[10,20,22,59]
[-19,-79,-32,0]
[-40,-30,-44,6]
[55,-45,3,-13]
[-31,29,-44,8]
[-45,30,-79,2]
[19,-15,-34,-31]
[-53,-72,44,-38]
[40,26,23,-2]
[-5,-40,42,7]
[9,-12,-10,48]
[-35,4,4,-40]
[22,0,7,28]
[-21,13,21,-55]
[-43,9,1,17]
[-3,-22,-8,25]
[-8,-58,-7,-13]
[-23,15,24,30]
[-66,-39,33,34]
[24,-4,8,-7]
[-1,9,17,17]
[-33,30,-1,-8]
[23,-13,-26,9]
[-8,10,-64,-52]
[-3,-19,2,-31]
[-17,-6,11,12]
[-17,-50,39,-49]
[-48,23,-14,-32]
[-46,29,19,-35]
[-75,24,4,53]
[30,-5,3,-58]
[-36,-5,16,-54]
[25,-5,7,76]
[-9,-18,-19,37]
[31,19,-27,-1]
[-10,-46,13,58]
[54,-58,8,-11]
[49,25,4,20]
[29,7,9,-4]
[-14,11,2,4]
[-32,-45,18,18]
[47,10,41,15]
[3,0,21,41]
[22,36,19,26]
[52,-15,18,60]
[44,0,39,15]
[14,16,-12,0]
[4,-35,11,-22]
[44,-3,45,-18]
[-16,11,12,-12]
[-9,-31,-51,8]
[44,-22,-6,18]
[8,-7,-55,-15]
[3,-33,-10,12]
[-20,6,-71,23]
[2,-48,22,39]
[44,3,88,18]
[8,12,53,53]
[5,5,-48,27]
[-1,7,-78,33]
[23,-11,-7,36]
[52,-45,-7,65]
[58,19,21,39]
[-17,-37,47,14]
[19,-1,28,-23]
[-24,-8,82,-21]
[7,24,30,8]
[-62,-36,14,34]
[-7,-46,1,-30]
[33,-1,-17,40]
[-10,5,12,-36]
[-18,20,46,2]
[56,-6,-8,-38]
[-35,28,16,-10]
[-56,-17,11,-74]
[-55,-51,8,-9]
[12,11,47,-38]
[-63,-11,21,-70]
[12,-22,-9,44]
[67,-45,-13,-15]
[24,-19,17,-12]
[-9,-5,-13,-15]
[-12,9,8,-24]
[-34,-31,32,19]
[6,-6,14,-17]
[-19,-25,-38,7]
[47,47,9,-24]
[-38,53,-12,-10]
[-2,2,18,-113]
[-44,-14,15,-28]
[47,31,-3,-29]
[-24,2,1,-16]
[6,-13,5,-47]
[-38,-43,-1,17]
[-41,25,10,-26]
[-25,-18,13,14]
[-2,-36,5,22]
[1,-82,52,9]
[70,12,-4,-1]
[-60,12,-29,34]
[-42,18,-13,-37]
[13,-20,-24,8]
[21,24,11,-70]
[-13,-50,-40,6]
[70,12,-11,1]
[-42,-22,-39,53]
[-15,36,-67,11]
[-21,-61,49,3]
[14,-4,-19,-2]
[-7,-30,8,-16]
[-30,-68,14,27]
[-2,-27,-2,31]
[-7,-10,71,-33]
[4,-8,0,34]
[44,-48,54,27]
[-23,33,-29,19]
[-7,-7,-96,40]
[10,-21,-24,9]
[40,-1,6,-35]
[-12,-67,35,29]
[55,1,5,50]
[-28,18,3,-17]
[26,-20,-7,-34]
[-1,4,-58,18]
[40,-38,30,13]
[3,33,-14,27]
[48,-11,-11,-42]
[-24,24,-22,0]
[-21,-9,13,-28]
[-40,-40,-51,-5]
[7,-14,58,32]
[-26,15,-1,30]
[79,-21,-19,16]
[-53,3,21,7]
[-8,48,-31,-46]
[-43,-60,-39,9]
[-1,-69,-28,29]
[9,18,35,-44]
[-3,-8,-27,77]
[11,-43,7,-12]
[1,9,-53,46]
[-30,-6,-20,-35]
[0,-10,9,-49]
[-23,34,35,-16]
[-22,-27,-28,-16]
[-16,-31,-4,25]
[-33,-32,-16,-89]
[9,-33,26,-70]
[-5,32,19,-28]
[33,-9,-15,-6]
[-23,38,-35,-39]
[1,-47,50,-73]
[-26,-12,34,33]
[-23,29,53,-52]
[-3,-65,17,16]
[40,-17,-35,66]
[-50,29,-42,36]
[-1,-39,4,27]
[43,6,19,-32]
[-16,19,43,-2]
[3,10,-49,-28]
[1,23,36,4]
[-10,-58,-2,-29]
[0,5,-45,10]
[49,-2,39,-21]
[-1,-4,0,-48]
[-33,-20,-5,-17]
[81,-5,-8,96]
[-34,9,-44,15]
[0,-20,-1,-19]
[-62,-6,-32,-8]
[3,-49,-18,9]
[0,-21,9,48]
[45,35,-43,15]
[2,-11,36,1]
[-15,-53,-47,-27]
[5,-35,9,-30]
[-23,-11,-35,54]
[6,13,-25,31]
[-45,19,-10,20]
[2,-74,12,17]
[5,-33,-12,23]
[-27,0,16,17]
[66,25,47,-43]
[-27,43,18,-25]
[1,-45,-57,-29]
[-1,-9,-34,5]
[-44,2,68,-46]
[-14,66,14,5]
[11,-41,47,-19]
[-1,-18,-52,58]
[33,-72,-32,-4]
[-3,45,-36,-11]
[-59,-61,-6,-37]
[15,-31,-38,-6]
[-20,5,22,-24]
[-25,-16,55,-1]
[-23,-39,-57,-29]
[21,-30,29,-7]
[-42,-58,53,6]
[38,15,-10,-10]
[-5,-20,-26,24]
[33,12,-12,14]
[-36,5,4,8]
[21,-12,-12,4]
[-29,-20,51,44]
[4,15,-24,30]
[-19,-30,-33,64]
[-1,-33,-40,11]
[39,-33,-5,1]
[-38,-25,-15,6]
[13,-8,-16,37]
[-7,2,-25,-21]
[-57,-14,-12,45]
[90,-42,-2,82]
[34,-29,64,-51]
[-44,-1,-11,24]
[53,17,-15,35]
[42,4,14,45]
[1,-18,38,-17]
[4,-3,11,-75]
[-81,-31,-49,34]
[2,-34,-20,36]
[-3,-31,37,8]
[-38,20,-41,21]
[24,-37,5,22]
[-24,18,19,71]
[99,-55,52,-37]
[22,-28,-52,75]
[-7,83,3,7]
[-19,-37,32,-41]
[-42,-6,12,-43]
[9,-50,-3,12]
[-20,15,9,-38]
[-3,12,17,15]
[60,-47,-22,15]
[0,0,4,64]
[43,-29,-28,-50]
[34,-20,28,-16]
[-9,-15,-35,-4]
[-7,-31,-30,-18]
[-34,-12,-43,-36]
[25,-33,-12,46]
[79,13,37,6]
[5,10,24,6]
[35,-25,36,13]
[-44,40,10,26]
[13,0,-5,-47]
[-33,-50,-21,-26]
[-12,15,-4,33]
[-41,-20,59,30]
[-21,-5,-28,-12]
[-35,-76,31,-8]
[50,-29,-41,41]
[-8,-29,2,56]
[-13,-47,7,-4]
[-24,2,-18,34]
[-2,13,92,-91]
[-108,-21,-30,-3]
[28,-89,-48,35]
[-10,-36,5,10]
[62,-26,44,29]
[-19,-35,24,27]
[59,-47,4,3]
[32,13,-13,-10]
[-12,-28,-34,-8]
[5,-68,8,-37]
[-11,12,0,6]
[-48,-59,2,26]
[6,-5,-13,3]
[-63,-49,15,-31]
[9,-9,-4,-25]
[-38,-10,-11,-35]
[-62,-55,2,-45]
[22,-48,45,-31]
[-62,-9,5,4]
[11,-30,-45,8]
[19,-26,24,-11]
[-2,-3,-13,16]
[-21,14,-15,75]
[69,-43,30,14]
[38,19,34,15]
[19,-9,28,-3]
[7,11,19,-7]
[9,-48,1,-62]
[-2,29,-32,10]
[-42,-84,-1,38]
[69,-19,-7,51]
[60,-69,57,4]
[-40,35,-61,-29]
[26,-33,-14,-9]
[-31,-59,27,23]
[28,-44,-32,-32]
[-10,-78,-13,-28]
[-26,-73,-15,26]
[50,-25,38,-60]
[-67,-10,20,57]
[30,-11,14,-9]
[-13,-18,-63,58]
[15,-59,-11,27]
[25,-32,22,70]
[36,7,25,26]
