80
-118
123
0
-68
-127
-13
0
-127
-89
-20
0
-65
13
-116
0
119
8
93
0
60
-36
-5
0
-59
67
91
0
86
-70
-42
0
-127
106
-71
0
-70
88
-85
0
91
-52
97
0
125
-24
-123
0
0
0
0
0
0
0
0
0
0
0
0
0
0
0
0
0
0
0
0
0
0
0
0
0
0
0
0
0
0
0
0
0
0
0
0
0
0
0
0
0
0
0
0
0
0
0
0
0
0
0
0
0
0
0
0
0
0
0
0
0
0
0
0
0
0
0
0
0
0
0
0
0
0
0
0
0
0
0
0
0
-92
-21
-97
0
-21
57
-53
0
-87
2
-80
0
-113
28
101
0
46
-122
111
0
123
-24
111
0
-81
94
-89
0
15
-39
-44
0
85
24
127
0
-89
-92
105
0
66
-113
-2
0
-10
3
-100
0
0
0
0
0
0
0
0
0
0
0
0
0
0
0
0
0
0
0
0
0
0
0
0
0
0
0
0
0
0
0
0
0
0
0
0
0
0
0
0
0
0
0
0
0
0
0
0
0
0
0
0
0
0
0
0
0
0
0
0
0
0
0
0
0
0
0
0
0
0
0
0
0
0
0
0
0
0
0
0
0
86
77
84
0
-104
-109
15
0
-113
-104
-38
0
-68
120
52
0
82
21
116
0
40
127
-125
0
-76
-53
-9
0
41
-30
-97
0
-108
79
13
0
-53
-24
-15
0
-109
-60
17
0
115
127
59
0
0
0
0
0
0
0
0
0
0
0
0
0
0
0
0
0
0
0
0
0
0
0
0
0
0
0
0
0
0
0
0
0
0
0
0
0
0
0
0
0
0
0
0
0
0
0
0
0
0
0
0
0
0
0
0
0
0
0
0
0
0
0
0
0
0
0
0
0
0
0
0
0
0
0
0
0
0
0
0
0
-73
-89
-18
0
67
85
54
0
-125
97
44
0
-49
112
23
0
-4
81
113
0
-38
79
-53
0
-83
20
-127
0
2
121
-122
0
-109
-121
-31
0
-38
-43
-81
0
-114
-17
24
0
-47
-115
53
0
0
0
0
0
0
0
0
0
0
0
0
0
0
0
0
0
0
0
0
0
0
0
0
0
0
0
0
0
0
0
0
0
0
0
0
0
0
0
0
0
0
0
0
0
0
0
0
0
0
0
0
0
0
0
0
0
0
0
0
0
0
0
0
0
0
0
0
0
0
0
0
0
0
0
0
0
0
0
0
0
51
-5
-45
0
-115
10
-27
0
18
-11
-89
0
-52
-80
72
0
-28
70
55
0
-58
97
106
0
-63
117
35
0
-43
100
96
0
64
-39
25
0
-23
46
106
0
98
-42
-11
0
-118
-24
80
0
0
0
0
0
0
0
0
0
0
0
0
0
0
0
0
0
0
0
0
0
0
0
0
0
0
0
0
0
0
0
0
0
0
0
0
0
0
0
0
0
0
0
0
0
0
0
0
0
0
0
0
0
0
0
0
0
0
0
0
0
0
0
0
0
0
0
0
0
0
0
0
0
0
0
0
0
0
0
0
0
74
-127
18
0
1
-40
106
0
-36
-5
15
0
30
-127
-100
0
104
-2
-128
0
79
63
90
0
127
-17
7
0
56
-15
11
0
94
-17
99
0
-33
-1
12
0
13
-18
127
0
124
-118
-7
0
0
0
0
0
0
0
0
0
0
0
0
0
0
0
0
0
0
0
0
0
0
0
0
0
0
0
0
0
0
0
0
0
0
0
0
0
0
0
0
0
0
0
0
0
0
0
0
0
0
0
0
0
0
0
0
0
0
0
0
0
0
0
0
0
0
0
0
0
0
0
0
0
0
0
0
0
0
0
0
0
-18
77
76
0
107
-36
-68
0
2
-101
39
0
-8
-101
-118
0
-58
-117
-78
0
-29
91
27
0
-70
74
16
0
111
-105
45
0
46
-41
-57
0
-106
32
87
0
-66
-20
-94
0
49
12
101
0
0
0
0
0
0
0
0
0
0
0
0
0
0
0
0
0
0
0
0
0
0
0
0
0
0
0
0
0
0
0
0
0
0
0
0
0
0
0
0
0
0
0
0
0
0
0
0
0
0
0
0
0
0
0
0
0
0
0
0
0
0
0
0
0
0
0
0
0
0
0
0
0
0
0
0
0
0
0
0
0
54
-110
-49
0
-31
23
41
0
-127
86
-96
0
-76
-5
2
0
-64
5
74
0
-117
68
36
0
48
23
77
0
-118
-127
-44
0
82
117
121
0
-91
103
-77
0
-96
-5
43
0
-46
41
27
0
0
0
0
0
0
0
0
0
0
0
0
0
0
0
0
0
0
0
0
0
0
0
0
0
0
0
0
0
0
0
0
0
0
0
0
0
0
0
0
0
0
0
0
0
0
0
0
0
0
0
0
0
0
0
0
0
0
0
0
0
0
0
0
0
0
0
0
0
0
0
0
0
0
0
0
0
0
0
0
0
-32
89
-32
0
-116
-88
-127
0
54
40
-109
0
68
-60
76
0
115
-4
-86
0
43
-99
-68
0
117
-109
74
0
44
104
-105
0
-61
53
-48
0
14
-127
15
0
107
110
97
0
-43
81
-28
0
0
0
0
0
0
0
0
0
0
0
0
0
0
0
0
0
0
0
0
0
0
0
0
0
0
0
0
0
0
0
0
0
0
0
0
0
0
0
0
0
0
0
0
0
0
0
0
0
0
0
0
0
0
0
0
0
0
0
0
0
0
0
0
0
0
0
0
0
0
0
0
0
0
0
0
0
0
0
0
0
